50
83 87 79 46 22 25 58 47 82 69 65 76 78 25 28 42 66 78 72 20 30 81 96 67 35 60 94 88 88 22 89 49 81 99 92 60 47 61 62 46 92 64 60 40 84 40 62 86 52 25 
4
13 78 86 39 
40
48 31 16 79 76 61 60 89 45 73 44 59 79 62 77 69 1 41 38 15 21 38 87 27 76 11 6 97 79 86 44 82 45 28 15 2 54 99 7 33 
30
10 5 74 36 74 50 88 44 57 17 97 77 25 10 51 4 48 83 11 55 43 59 4 54 38 20 10 45 30 41 
1
77 
3
47 64 24 
20
64 50 42 91 48 54 18 38 77 38 71 84 12 60 17 60 65 43 63 25 
20
80 71 1 30 5 70 8 26 72 75 54 59 13 69 80 80 71 1 30 5
24
95 52 98 27 44 51 71 60 58 4 76 41 55 41 85 93 78 76 15 30 28 6 26 62 
6
77 93 39 82 44 31 
0
