5
2 2
1 1
3 4
10 30
20 1 10 18 13 20 9 11 14 6
13 94 45 89 45 9 100 68 22 2 63 32 58 95 20 88 13 22 88 67 94 5 11 99 12 31 27 78 70 64
100 30
1 1 1 1 1 1 1 1 1 1 1 1 1 1 1 1 1 1 1 1 1 1 1 1 1 1 1 1 1 1 1 1 1 1 1 1 1 1 1 1 1 1 1 1 1 1 1 1 1 1 1 1 1 1 1 1 1 1 1 1 1 1 1 1 1 1 1 1 1 1 1 1 1 1 1 1 1 1 1 1 1 1 1 1 1 1 1 1 1 1 1 1 1 1 1 1 1 1 1 100
15 44 85 108 4 15 174 192 92 143 168 189 69 180 190 75 111 98 161 168 217 285 269 366 226 304 219 330 380 289
80 40
82 220 150 219 255 269 236 24 462 291 135 31 224 248 450 424 472 443 423 23 141 248 147 140 258 375 364 271 11 58 196 278 245 321 164 265 221 258 73 221 6 13 430 472 272 317 494 40 109 443 155 48 202 248 63 35 181 186 81 136 282 199 256 493 370 344 255 160 368 195 225 119 442 335 43 387 246 261 314 323
11597 16336 8576 10682 8448 5280 4252 7614 8257 5647 7222 13187 19556 119 6091 10935 3879 8332 7764 807 7674 5868 4323 15818 2627 152 1993 11580 8193 12931 16315 14254 9456 520 374 12284 7149 14721 5120 8895
40 40
8594 6125 569 8836 4787 8873 1995 116 354 4346 958 6326 7472 3706 2007 786 5422 5378 7025 2303 7747 8087 7444 3376 2942 224 3165 2698 2734 5550 1079 6993 6535 3549 7033 2211 6553 5658 6607 4917
5956 27477 26069 3053 11214 23777 497 27287 26385 21650 4281 1524 16926 12094 25461 29368 9510 359 5494 5251 1179 20424 12887 15123 22930 13870 4483 8120 31084 28809 2807 22280 4277 31299 26954 2771 17740 14288 15594 4186
