15 27 37 71 73 
73 71 37 27 15 

26 37 38 44 66 74 75 83 93 98 
98 93 83 75 74 66 44 38 37 26 

8 12 12 12 37 42 44 46 47 54 57 60 63 66 75 82 90 95 96 97 
97 96 95 90 82 75 66 63 60 57 54 47 46 44 42 37 12 12 12 8 

1 4 4 5 13 17 23 23 25 25 27 32 34 37 39 43 46 46 49 51 51 52 58 59 62 62 63 64 65 66 66 70 72 73 77 79 80 82 86 89 89 90 90 94 94 95 96 96 98 99 
99 98 96 96 95 94 94 90 90 89 89 86 82 80 79 77 73 72 70 66 66 65 64 63 62 62 59 58 52 51 51 49 46 46 43 39 37 34 32 27 25 25 23 23 17 13 5 4 4 1 

