-----------------first number smaller sort-------------------
11 71
19 83
21 60
64 15
71 53
-----------------second number smaller sort-------------------
64 15
71 53
21 60
11 71
19 83

-----------------first number smaller sort-------------------
15 37
44 33
47 79
48 63
63 72
71 37
75 18
76 80
82 46
98 12
-----------------second number smaller sort-------------------
98 12
75 18
44 33
71 37
15 37
82 46
48 63
63 72
47 79
76 80

-----------------first number smaller sort-------------------
10 68
21 58
27 83
27 69
28 3
52 0
52 82
64 23
75 6
81 43
86 1
89 77
91 27
97 39
99 28
-----------------second number smaller sort-------------------
52 0
86 1
28 3
75 6
64 23
91 27
99 28
97 39
81 43
21 58
10 68
27 69
89 77
52 82
27 83

