5
50
379 433
253 172
152 225
463 123
89 139
257 286
490 500
292 94
489 181
425 54
174 83
52 451
37 17
139 157
361 384
424 233
410 463
172 368
409 492
152 62
303 372
140 243
271 422
446 120
260 275
67 97
134 278
152 409
276 83
156 122
270 4
13 171
319 319
109 252
370 345
101 429
16 46
328 38
85 298
265 61
281 95
428 440
325 188
188 176
238 6
325 58
180 153
100 241
426 429
8 184
200
413 301
186 450
446 115
20 32
385 194
93 41
444 209
388 331
159 196
199 325
293 32
434 328
423 150
41 262
35 304
454 69
252 112
110 312
452 85
289 92
418 218
104 41
197 340
270 331
184 459
250 391
96 494
145 340
235 124
287 179
166 114
206 122
465 33
30 132
146 346
418 398
67 484
187 4
400 333
3 311
208 333
429 70
447 76
291 82
380 403
474 167
55 109
397 335
466 326
161 221
320 411
28 210
50 302
297 303
397 117
190 420
211 410
311 486
397 386
83 51
454 51
67 62
350 162
67 281
194 181
12 15
249 179
415 65
378 257
140 4
444 273
40 384
470 322
32 460
448 311
402 358
457 403
286 128
220 301
395 343
260 367
346 183
159 136
50 347
198 401
448 302
50 240
205 477
91 132
485 7
48 201
7 88
150 265
142 290
279 369
238 449
306 316
184 319
258 152
10 178
456 326
246 386
205 305
476 283
15 482
354 500
127 218
60 475
427 443
404 203
324 99
323 304
71 499
69 181
432 452
10 300
195 56
314 74
314 375
286 428
283 138
310 346
66 147
401 229
250 482
364 379
404 112
19 226
395 126
374 453
54 380
479 460
291 386
187 145
498 15
474 354
265 481
354 273
461 160
475 406
141 198
337 331
13 110
138 314
414 139
423 246
176 168
448 255
488 350
462 39
127 105
20 313
435 286
473 277
356 12
134 104
30 339
395 230
329 454
95 169
168 219
99 136
370 131
90 55
59 250
258 393
255 181
278 331
60 139
412 247
280 117
405 237
104 424
439 372
10 51
446 13
226 50
79 91
353 243
484 278
410 323
416 2
381 362
310 286
43 54
207 498
439 201
457 260
418 14
357 322
202 3
460 377
22 284
258 8
323 58
387 420
14 344
371 358
488 158
284 62
900
86 124
453 6
295 185
61 442
398 65
24 267
496 260
241 33
21 113
93 246
234 21
159 288
175 95
12 113
278 195
9 157
488 337
467 248
486 269
470 94
495 377
413 91
396 91
300 370
128 428
63 325
180 427
103 466
298 286
323 152
130 186
237 45
149 221
356 55
102 345
3 340
29 146
215 106
194 188
94 283
469 358
405 194
11 426
128 350
117 170
7 214
176 34
55 313
265 76
484 455
249 388
425 117
152 144
147 285
325 327
415 16
346 339
415 228
290 88
317 149
434 467
292 272
228 425
263 94
436 401
313 441
181 228
140 403
116 342
252 63
247 439
498 358
353 203
340 463
260 303
395 382
183 169
236 189
314 198
267 330
22 433
217 395
133 79
191 224
469 181
295 305
96 273
451 104
420 358
292 435
151 345
493 113
330 236
344 61
446 80
144 476
287 180
168 168
93 46
31 452
127 409
64 498
186 234
59 434
73 143
337 269
406 343
116 450
206 363
187 108
48 384
81 97
255 118
395 497
193 48
19 234
338 206
138 398
122 308
210 1
442 439
328 88
149 312
212 82
474 19
355 15
64 42
240 271
123 227
150 320
49 395
120 226
451 24
390 117
384 139
235 340
182 326
184 409
488 390
64 473
400 140
464 393
350 373
85 153
345 258
208 268
297 49
241 236
340 50
179 464
240 225
339 227
353 156
39 443
15 27
169 433
43 398
155 247
15 51
61 211
246 129
369 134
181 292
431 313
287 477
390 478
103 412
401 18
311 285
321 330
466 100
394 284
331 469
324 79
345 134
448 190
19 330
423 136
233 290
146 48
134 465
198 287
403 169
138 150
280 500
19 370
366 105
480 157
292 300
158 251
346 499
237 145
150 54
251 425
165 63
177 149
291 178
304 288
486 120
13 66
280 399
341 328
149 354
110 33
482 272
102 87
236 446
257 212
193 228
460 110
405 289
296 65
264 284
164 500
446 437
23 291
431 276
286 127
468 314
341 398
361 305
159 105
453 359
279 72
335 286
176 429
98 458
148 323
431 418
293 139
293 216
180 392
221 200
147 120
192 307
136 55
418 287
54 487
379 9
216 180
95 162
87 117
334 488
481 31
427 221
427 118
286 404
27 17
166 206
471 85
171 39
332 113
7 342
70 341
384 22
83 72
291 261
102 498
191 341
255 74
59 106
364 240
400 71
125 90
419 336
63 500
438 71
477 498
85 133
16 201
283 140
109 96
106 259
457 165
191 406
300 378
165 146
153 273
25 135
65 116
462 132
54 1
242 314
186 445
405 258
456 33
72 228
394 377
324 32
375 101
308 154
91 222
180 264
409 146
68 137
188 374
309 339
297 150
46 70
20 198
85 83
245 496
267 270
177 386
257 496
105 450
229 215
238 387
140 275
193 250
349 236
437 456
142 473
168 477
29 489
214 118
311 213
228 179
64 101
107 104
353 34
186 321
125 299
297 471
145 70
436 101
440 250
129 267
407 322
370 169
321 381
73 72
365 256
76 329
339 447
203 90
392 267
183 480
118 239
430 417
163 206
248 179
93 41
24 290
182 106
327 307
33 368
112 276
97 287
182 390
488 150
198 216
218 51
415 126
275 487
202 177
458 315
337 393
276 130
21 17
113 84
256 202
457 231
256 187
489 156
497 234
87 371
159 398
275 282
227 416
380 115
91 284
163 425
401 78
441 157
393 21
443 218
129 94
137 65
265 375
323 177
230 162
428 462
331 329
340 288
255 136
433 314
481 313
472 140
389 498
220 114
87 416
248 6
478 347
261 160
342 459
210 439
380 401
251 91
97 48
287 168
158 33
150 398
360 117
182 263
84 346
230 381
192 133
399 148
89 326
73 118
100 328
94 462
204 339
281 313
250 407
290 27
317 52
463 29
427 430
422 103
483 241
33 189
203 409
174 118
9 286
425 396
254 456
55 73
214 97
188 305
454 267
423 170
475 259
484 260
218 194
150 436
381 500
143 123
489 30
144 355
340 412
457 374
197 90
469 302
481 418
362 327
84 67
292 438
61 224
309 495
214 1
160 346
128 329
322 423
325 91
213 70
407 315
489 16
228 95
276 215
334 10
369 63
85 291
331 146
98 371
251 257
35 181
110 81
260 170
16 413
164 465
386 176
361 71
58 137
288 73
52 45
124 10
299 245
344 272
114 341
331 355
336 424
172 380
458 428
446 87
383 37
62 370
497 125
342 148
146 443
188 443
169 100
496 445
150 297
390 81
240 342
64 260
5 26
62 322
491 145
38 374
301 126
18 72
483 69
284 211
223 256
185 466
136 120
313 75
408 190
158 370
212 170
356 62
487 448
476 273
133 490
215 221
93 133
137 111
76 163
140 83
203 21
407 184
219 116
36 321
4 321
225 140
64 349
23 470
384 158
131 47
104 228
414 279
66 326
198 374
413 105
125 52
220 33
121 180
91 105
345 262
354 402
307 130
159 443
210 315
358 12
150 267
223 322
94 325
210 165
390 489
120 485
473 67
352 210
272 118
489 36
211 442
54 69
259 160
265 448
13 161
176 21
30 102
376 46
472 366
496 158
40 468
499 240
480 235
397 86
175 207
479 430
131 297
184 274
382 362
410 363
355 464
161 15
407 66
46 102
324 338
112 237
81 332
144 238
431 396
134 319
323 430
195 478
124 460
272 356
347 413
490 461
185 109
283 440
360 418
86 467
181 69
194 149
157 412
253 82
366 14
23 415
311 387
404 407
467 26
62 276
431 300
1 482
171 212
493 401
38 259
374 353
63 84
326 299
15 84
317 150
420 286
240 39
180 419
169 180
495 448
14 114
389 324
4 170
308 243
459 85
336 239
159 208
319 370
77 443
347 304
231 320
414 31
444 438
342 481
156 498
33 445
36 302
314 327
389 237
348 140
65 302
219 317
289 484
53 40
229 457
218 305
189 173
263 34
245 482
384 37
360 297
196 325
252 392
242 431
417 398
300 302
143 246
362 497
177 368
392 168
247 336
296 167
446 293
104 238
431 157
267 363
109 17
125 396
271 91
44 372
145 142
232 22
473 199
10 328
65 53
453 260
80 430
497 476
126 36
133 319
40 72
90 48
99 334
216 127
111 157
72 160
227 157
199 250
319 327
155 437
31 431
447 480
390 205
35 134
453 457
69 309
329 455
130 259
54 159
156 145
45 500
247 85
189 403
282 404
161 186
88 496
17 434
39 454
23 286
341 120
215 153
388 473
466 386
302 173
102 410
158 42
294 189
469 283
349 76
388 60
428 150
81 222
33 230
185 472
73 113
481 458
264 152
324 234
139 100
163 313
131 469
421 303
293 71
205 432
361 72
378 257
494 245
11 410
185 454
168 214
318 13
128 217
320 290
166 444
217 383
176 211
433 29
242 107
425 420
368 490
244 362
172 195
221 121
162 132
379 248
457 126
248 436
397 44
436 335
464 384
246 477
446 247
364 177
100 330
292 126
10 492
81 83
445 466
415 8
457 41
386 486
115 246
341 180
44 96
494 95
58 29
64 139
485 78
77 311
340 240
209 434
90 287
58 143
434 395
102 27
229 64
346 317
194 110
252 202
467 375
479 77
8 15
149 84
444 439
126 61
490 338
476 208
440 266
190 454
362 465
20 417
218 477
391 356
40 376
353 42
467 163
172 330
469 407
467 346
384 342
97 296
441 16
36 396
337 365
57 163
478 88
359 40
35 296
93 189
251 170
268 92
223 88
219 102
85 232
197 343
4 380
440 352
270 92
123 406
393 101
107 156
321 372
22 106
236 154
52 438
451 43
265 399
353 284
102 413
257 410
466 81
145 188
441 337
380 84
380 389
163 264
352 283
188 318
128 216
214 458
468 197
289 208
132 365
349 469
363 251
177 326
388 486
54 446
214 94
468 435
168 227
344 228
404 205
434 390
15 54
305 197
105 292
473 339
69 8
76 135
452 107
328 487
254 303
156 415
209 437
181 249
61 78
39 141
208 14
368 210
466 460
484 97
95 323
430 6
28 433
342 120
308 210
415 133
108 431
211 130
473 484
496 95
388 294
457 498
270 306
394 368
213 125
368 272
2000
403 324
381 473
141 168
94 42
7 292
237 432
406 88
190 439
118 252
412 432
353 277
250 303
235 180
403 75
240 327
481 110
323 401
337 431
293 324
153 328
225 321
315 177
88 412
170 270
88 333
186 185
449 350
477 372
276 241
79 276
211 32
218 274
216 328
67 268
278 367
14 451
201 1
193 427
78 128
402 96
462 18
330 436
346 420
34 138
199 293
96 305
6 489
187 8
43 415
362 264
109 183
314 462
241 39
474 99
213 80
11 164
350 105
183 199
165 284
263 236
378 448
415 464
222 138
297 368
362 210
39 432
319 209
329 421
285 381
250 303
79 500
64 303
460 356
306 182
243 322
177 454
479 482
63 445
401 234
204 454
67 231
205 407
82 37
474 272
67 205
174 117
213 203
466 384
134 344
50 251
167 70
363 53
344 210
50 403
72 423
399 179
113 497
190 289
60 378
109 432
424 196
350 241
368 163
64 359
209 305
292 472
436 415
114 408
340 454
376 154
444 235
51 231
323 31
183 107
128 298
431 164
292 274
245 374
474 166
347 188
461 247
432 69
36 367
137 171
166 500
406 442
475 19
199 376
319 362
294 47
378 247
348 277
171 362
48 72
484 425
443 448
159 449
161 228
398 16
202 38
392 105
188 440
307 279
328 464
88 450
495 496
81 494
103 121
162 85
239 123
495 235
387 454
241 161
159 31
170 379
329 54
381 65
329 282
294 371
257 82
218 331
245 31
31 499
385 398
427 376
285 207
354 246
88 138
140 97
399 485
215 288
376 38
133 411
498 499
242 38
19 435
325 204
493 126
395 38
22 316
500 97
482 469
124 28
397 173
229 246
377 331
115 498
104 87
444 377
314 44
206 110
18 2
161 79
283 216
397 6
213 393
475 384
115 481
51 471
39 346
370 331
112 200
129 83
187 412
210 233
226 71
422 301
29 307
310 394
378 130
405 188
102 463
50 379
260 205
362 81
109 221
65 82
149 116
269 233
205 233
427 220
437 427
341 448
5 454
420 130
66 159
3 489
170 437
484 420
480 71
1 23
416 139
145 425
287 371
496 29
342 350
120 314
176 353
365 6
305 360
472 234
196 255
27 127
377 236
136 389
168 434
92 276
104 55
42 98
387 114
216 439
493 340
483 262
427 284
145 17
162 180
80 160
104 66
494 246
250 359
468 132
203 43
11 246
492 201
215 267
29 224
54 246
158 126
241 14
465 352
477 175
483 454
121 94
417 401
366 344
262 118
3 234
222 145
314 383
76 85
30 140
388 437
350 124
14 408
219 56
359 81
445 30
49 499
376 194
288 31
92 35
24 102
365 282
188 344
273 64
190 64
378 359
324 258
393 363
341 431
339 77
164 228
46 248
48 174
419 422
393 352
105 288
57 245
242 102
54 476
376 17
375 37
55 371
62 82
453 144
362 250
323 305
461 172
222 349
343 383
196 407
395 493
479 423
252 262
422 20
296 38
327 90
282 449
117 91
46 197
484 231
442 269
257 132
157 26
438 11
134 111
177 316
286 473
312 452
410 138
61 333
145 453
47 214
465 287
257 136
475 124
456 276
84 133
331 25
345 24
70 224
334 153
240 55
47 276
379 399
7 247
75 109
162 305
134 247
388 119
497 430
146 42
219 282
165 333
28 154
213 404
211 370
227 81
56 30
450 47
439 247
122 432
53 152
394 411
174 359
156 57
426 364
307 327
140 375
272 137
199 421
204 490
435 483
468 280
165 82
22 125
202 30
280 153
109 465
146 210
465 379
49 26
232 300
497 248
303 297
330 394
30 3
250 372
268 148
426 213
134 127
316 474
323 202
108 379
228 362
281 374
25 450
450 493
436 368
316 304
435 181
207 263
268 44
380 268
413 372
305 120
169 13
443 326
210 304
411 425
191 85
152 200
48 410
420 238
388 437
353 351
322 243
142 144
493 423
306 358
361 481
484 285
305 359
236 270
415 495
400 115
144 187
171 215
448 141
390 86
42 343
220 13
391 318
283 321
189 294
104 480
482 489
251 109
142 23
86 89
10 57
392 122
69 384
5 71
388 453
5 172
448 462
52 39
54 400
152 355
332 43
32 404
163 193
267 463
380 327
410 300
15 120
415 161
44 199
79 421
212 200
476 176
420 370
278 104
403 63
478 81
302 259
217 325
472 81
368 336
52 368
344 274
398 241
64 456
447 126
144 40
212 431
460 127
209 146
81 81
319 236
64 184
276 70
465 136
192 189
29 259
288 478
387 347
343 256
183 116
253 123
137 400
431 241
21 292
94 375
170 37
288 3
188 390
28 339
180 156
325 245
99 272
285 224
492 51
250 193
418 256
74 191
357 401
327 420
326 287
421 377
45 432
87 32
198 205
203 400
487 365
354 24
102 299
340 180
402 79
467 432
122 36
282 298
93 372
340 302
219 41
169 440
461 422
440 146
155 445
206 355
338 439
176 459
236 273
311 152
154 282
59 168
26 428
385 380
120 336
124 380
222 488
382 392
198 360
252 486
259 40
111 277
172 483
169 102
272 401
427 417
271 476
72 22
264 21
187 412
43 246
320 266
188 147
436 492
293 257
409 117
45 396
24 474
418 28
198 89
456 7
249 23
338 138
236 466
380 338
396 71
222 444
212 388
188 111
307 77
110 321
17 416
30 265
147 26
368 35
39 212
141 192
132 253
195 439
493 324
291 92
480 306
272 240
104 133
124 254
35 380
500 153
126 422
101 441
286 248
264 390
489 114
318 367
335 397
205 211
273 76
89 430
275 31
102 370
249 403
112 259
29 170
304 84
6 254
251 266
308 426
413 179
254 292
424 452
380 209
256 483
451 17
237 116
217 434
143 496
77 288
373 354
491 494
458 338
372 419
183 427
448 114
337 378
296 398
266 251
422 182
262 478
82 332
108 494
306 173
84 212
274 233
35 80
262 95
385 336
423 46
474 353
472 337
157 425
217 132
25 77
449 348
156 276
476 326
249 149
143 138
136 270
238 266
133 288
210 452
497 424
309 115
340 355
47 354
480 190
411 154
324 53
13 171
133 226
388 456
313 244
158 494
72 384
15 338
344 142
72 318
303 113
125 226
136 449
405 467
439 201
180 403
160 348
34 154
210 66
290 465
127 23
117 373
152 432
436 451
483 83
182 181
31 140
487 367
163 304
306 174
421 180
82 13
437 209
228 3
362 199
102 16
160 7
114 411
427 218
244 27
43 130
174 229
200 371
119 377
324 326
450 213
375 281
84 162
198 160
411 228
387 486
228 160
287 27
79 480
437 240
437 343
155 347
315 225
355 365
69 449
432 273
29 90
236 83
138 187
164 305
267 6
74 453
484 266
258 227
307 187
284 392
422 27
56 111
168 99
295 379
493 163
206 409
140 50
1 327
412 43
158 293
44 285
2 319
206 90
262 296
157 413
357 297
91 326
462 73
131 317
381 327
104 219
7 345
405 72
154 484
290 40
181 315
286 284
43 196
179 276
97 465
55 239
3 472
320 146
156 233
467 48
461 55
488 401
370 237
85 106
470 382
336 104
372 144
442 193
23 197
97 283
467 314
292 246
392 127
165 437
366 368
272 500
174 371
254 416
437 285
5 138
17 349
366 53
280 326
254 434
127 21
409 497
251 199
260 293
488 405
398 344
230 332
438 80
416 473
191 290
21 234
319 357
85 338
144 285
92 223
68 168
266 137
48 152
202 253
111 203
208 371
276 59
485 492
493 470
145 260
301 433
312 407
17 223
288 32
114 88
406 275
290 327
138 367
356 301
212 455
437 267
64 255
465 430
50 325
29 316
34 53
342 110
210 172
185 432
498 240
472 104
455 464
430 311
199 37
163 456
348 330
322 86
287 248
154 424
247 53
470 39
322 337
444 240
414 442
245 147
76 232
95 127
349 284
363 255
430 327
243 140
86 213
254 460
170 202
211 131
272 11
72 27
34 61
29 329
373 476
448 37
209 478
341 3
176 110
492 68
371 415
126 107
240 216
286 157
492 398
185 221
230 311
192 172
153 101
196 499
371 274
145 311
342 70
288 266
55 59
359 394
281 339
251 119
331 31
264 216
94 311
410 255
401 342
16 333
21 455
260 228
367 184
254 339
407 98
422 269
123 326
299 345
249 402
274 133
258 395
441 451
339 77
368 413
436 107
65 412
434 393
487 413
193 99
22 33
163 12
253 483
84 151
248 269
350 265
334 421
54 123
366 104
312 261
22 494
360 118
460 7
249 270
124 273
358 454
333 43
359 260
236 306
49 123
242 54
417 283
289 179
202 271
417 192
193 390
319 420
408 200
115 455
78 211
367 143
10 34
331 483
266 144
6 412
74 68
149 55
110 8
442 418
248 280
344 235
113 152
353 461
153 256
84 399
56 195
360 246
168 94
64 11
217 238
185 170
88 164
169 97
76 188
277 40
220 97
190 220
300 128
271 242
378 466
213 149
380 166
231 160
65 42
376 481
264 201
340 264
123 131
66 276
487 196
31 63
251 482
98 141
436 128
329 311
204 323
488 283
197 496
324 79
500 26
480 485
17 194
291 34
190 232
472 156
308 367
154 128
381 240
314 492
294 127
339 31
427 398
420 155
252 486
396 87
254 7
114 425
347 268
2 404
138 43
84 340
491 2
11 459
289 21
181 238
105 290
25 156
250 3
121 47
277 131
221 122
175 256
423 363
412 403
457 453
259 220
464 366
47 255
486 203
64 488
71 79
155 411
59 288
17 103
71 283
27 51
256 203
322 125
348 137
129 43
52 310
179 160
206 40
245 16
144 58
201 110
224 22
292 49
97 420
214 364
82 425
15 367
442 5
127 243
159 85
205 293
203 63
9 142
304 175
376 333
263 410
337 209
248 473
49 352
11 396
230 73
494 267
80 322
129 93
432 281
266 52
69 416
238 348
191 186
52 51
25 448
73 464
248 76
47 142
54 237
121 448
100 55
51 75
282 393
191 79
178 491
335 313
12 373
202 189
78 393
72 452
264 267
284 44
349 156
357 210
190 207
464 391
30 184
293 383
475 178
410 267
60 170
172 186
11 318
353 229
197 442
90 129
224 122
290 129
500 363
282 129
97 35
22 431
332 143
128 232
301 11
324 276
299 425
180 489
138 69
204 233
449 21
429 143
26 307
1 17
398 463
490 283
209 347
265 122
495 428
260 361
392 115
148 116
334 408
291 11
184 370
412 85
141 166
208 219
349 244
207 390
183 32
482 364
212 5
107 445
415 80
262 284
441 143
81 145
275 352
72 276
233 391
383 253
222 422
417 118
361 352
215 89
134 421
356 263
354 261
182 392
91 182
268 479
127 210
273 344
302 227
425 312
163 270
475 129
83 181
375 343
292 408
49 2
172 294
45 377
104 97
336 182
236 399
284 467
192 324
319 117
308 160
45 383
335 35
259 420
185 109
466 361
124 419
413 173
356 127
82 106
257 355
331 85
165 169
108 468
93 458
299 379
57 244
496 488
408 140
254 224
432 188
442 143
329 285
495 265
423 209
25 86
99 106
482 487
103 282
142 438
388 242
9 240
220 157
442 168
327 239
466 255
403 477
387 434
476 139
163 295
213 102
340 153
167 351
213 433
413 33
152 373
353 7
425 426
378 154
344 395
299 179
114 350
15 312
181 446
85 235
269 400
277 221
54 218
331 249
235 51
136 299
436 200
288 202
7 250
215 267
28 145
282 201
62 196
395 74
341 359
271 295
381 102
272 483
259 126
215 388
442 356
416 267
193 388
51 281
432 376
125 341
155 166
28 240
230 371
8 222
177 125
103 199
283 277
493 158
182 457
163 321
173 450
108 133
383 373
493 355
54 391
111 263
449 173
315 428
182 33
261 29
138 199
208 22
172 387
413 289
313 63
381 222
253 87
404 210
101 327
252 196
482 237
79 2
235 120
440 289
234 500
203 41
433 238
471 268
30 82
411 465
311 300
264 1
452 376
174 317
277 462
225 273
5 400
346 68
167 229
229 80
114 438
21 120
440 438
103 333
486 64
204 121
96 223
298 226
27 45
191 122
402 153
367 213
125 97
367 19
271 193
262 180
302 367
44 206
301 195
1 114
153 419
487 469
492 162
191 124
146 174
106 69
105 353
122 108
64 324
238 223
365 439
179 202
495 197
276 13
58 177
424 130
126 123
293 33
83 411
213 387
497 230
9 379
272 178
460 443
24 233
233 358
103 169
339 380
299 454
324 71
285 287
318 365
412 6
330 382
358 39
153 367
449 35
60 155
428 284
139 165
123 327
494 382
4 281
430 184
344 252
9 219
421 399
488 428
41 246
213 127
99 349
26 345
48 27
168 473
429 331
175 382
459 500
73 366
152 216
129 474
436 357
486 342
238 155
196 193
452 181
431 229
459 347
169 296
132 35
309 26
463 411
145 131
118 494
431 123
230 382
136 72
333 122
88 135
72 436
494 127
68 461
147 422
154 343
449 124
447 471
134 13
51 191
345 375
131 174
400 276
488 423
210 196
41 54
55 106
126 357
493 423
31 395
130 256
465 351
216 358
423 366
472 483
43 236
362 274
442 256
219 65
41 487
100 25
250 247
266 40
438 272
294 207
160 410
359 323
306 385
382 61
7 410
22 258
393 186
344 416
51 343
72 202
301 457
345 132
95 411
241 67
107 303
21 30
27 20
419 257
159 465
348 117
94 373
357 476
115 381
429 50
66 393
213 16
316 454
474 320
463 147
409 98
66 7
321 105
384 391
34 44
299 313
306 410
30 380
260 317
95 396
274 119
151 16
103 110
163 102
342 17
424 407
338 82
381 248
134 339
467 8
371 444
173 419
239 253
106 479
352 271
280 349
298 496
346 141
349 401
52 261
26 116
261 263
3 53
149 358
157 68
193 279
202 259
491 49
120 81
366 33
197 180
450 286
11 211
211 84
157 348
260 295
430 168
242 139
21 354
66 405
110 56
460 196
477 375
60 397
444 63
498 28
230 87
484 260
109 30
255 13
179 491
395 35
177 189
47 114
415 337
465 192
4 228
385 139
13 451
324 200
36 294
246 102
27 457
328 131
117 73
164 19
208 414
166 87
452 87
376 353
350 203
168 28
340 239
32 303
77 496
255 393
440 30
462 480
378 225
293 154
315 191
379 475
408 478
343 253
194 467
109 408
130 195
441 457
178 137
450 345
35 25
157 222
223 455
55 6
368 175
255 395
274 164
289 446
386 390
68 146
368 92
75 415
234 369
38 27
333 131
329 433
431 134
238 325
245 182
307 144
68 99
190 384
287 432
496 77
123 134
275 309
229 458
352 166
283 58
389 22
145 392
419 427
414 231
234 187
391 18
23 477
148 406
138 390
9 364
18 139
470 7
2 292
290 418
165 36
268 173
180 461
247 20
111 39
344 1
213 456
69 468
455 479
456 279
240 453
13 23
158 251
492 115
420 413
318 323
27 290
358 438
469 102
491 44
280 64
184 207
379 320
442 158
304 436
481 447
466 81
2 401
399 188
88 381
461 193
410 418
92 80
92 86
179 203
324 151
252 455
74 389
197 434
467 450
484 293
83 448
389 17
365 150
139 311
335 230
192 192
382 373
306 374
455 464
262 297
147 457
334 249
28 204
301 460
124 364
361 114
297 368
414 10
50 387
61 100
485 476
479 402
341 290
219 28
34 196
38 79
455 310
14 403
464 279
356 24
380 78
50 314
68 139
7 45
296 119
29 191
125 402
321 123
188 232
441 285
326 450
159 323
465 183
32 428
210 359
127 27
299 238
346 431
211 199
238 376
331 51
87 268
288 409
246 354
310 156
259 243
3 207
109 499
184 243
40 219
235 462
477 373
130 415
495 351
451 302
5 459
177 82
299 438
413 404
186 100
388 445
373 348
108 258
472 48
377 87
210 95
414 422
333 397
217 74
224 119
419 280
78 256
375 272
373 162
277 143
102 101
126 215
270 437
326 208
396 218
368 6
90 389
496 150
457 245
123 374
209 363
120 7
252 229
496 109
305 20
135 158
52 333
19 439
352 465
16 435
129 189
468 452
284 161
405 67
476 27
241 207
378 330
234 137
458 79
130 278
467 176
80 294
465 44
51 320
2 242
179 401
252 413
282 305
308 251
204 404
349 56
450 53
35 158
348 401
426 242
125 354
288 218
379 206
297 449
231 454
284 462
186 378
443 345
437 142
127 422
366 9
66 220
155 393
40 333
422 344
19 158
122 414
302 49
441 326
409 269
395 169
282 139
86 412
179 142
86 234
187 256
2 203
286 71
284 366
397 464
290 321
129 271
17 388
334 231
82 203
419 193
330 186
457 207
334 365
305 233
368 209
153 255
97 152
197 200
56 41
362 11
261 196
284 224
265 174
389 406
257 356
353 178
385 152
55 222
259 409
263 279
252 232
370 8
311 71
319 168
447 145
103 322
218 181
308 435
311 364
453 107
63 189
297 423
431 411
5 290
365 26
295 451
462 286
200 455
479 249
308 40
458 370
309 132
251 265
393 54
122 440
428 217
3 115
405 91
365 200
451 473
259 246
276 152
477 123
385 460
273 488
117 381
113 68
78 227
288 283
295 238
459 84
465 278
258 357
196 117
339 254
486 117
226 409
341 485
301 388
452 434
310 435
28 230
227 288
264 313
202 80
371 110
105 171
431 144
111 183
486 174
296 433
148 256
225 397
32 131
232 384
340 214
346 14
194 358
105 201
397 219
5 78
307 300
101 238
376 329
255 210
458 170
204 294
499 475
321 408
220 434
319 379
243 220
276 462
332 76
111 247
227 357
80 479
356 206
279 248
331 427
58 60
398 249
289 320
9 49
486 449
73 278
409 70
264 224
405 94
488 129
363 491
484 258
24 99
407 161
458 93
44 422
491 440
385 290
64 423
368 304
367 305
127 14
367 79
27 190
141 234
43 33
240 424
314 112
232 492
374 269
287 130
175 420
471 95
99 215
304 444
247 450
484 339
482 499
52 157
300 361
139 55
246 308
444 234
380 189
117 296
311 406
133 105
172 375
285 87
320 106
70 150
230 356
498 227
6000
338 326
378 85
103 139
87 4
408 210
364 305
26 114
122 459
65 147
193 465
127 133
130 19
393 124
185 273
421 206
245 421
495 321
286 469
440 310
422 341
404 462
19 146
43 167
172 471
351 74
382 311
384 388
341 307
28 361
259 170
103 340
200 454
318 84
203 180
459 479
148 139
248 293
114 496
209 247
63 138
451 269
409 445
235 188
395 412
234 181
392 159
278 182
212 169
233 417
117 214
329 174
212 281
247 435
412 256
15 72
498 39
244 285
41 130
153 239
212 141
388 183
14 223
161 43
340 418
73 158
274 264
396 238
471 427
309 124
470 21
402 12
285 371
174 446
499 218
396 96
47 275
196 436
270 71
149 88
445 402
199 81
439 449
225 173
384 317
174 296
331 47
256 60
446 337
285 44
99 98
101 398
100 244
163 280
138 5
156 369
403 96
301 264
175 354
97 61
356 236
182 158
64 250
182 328
370 453
489 142
108 13
425 442
444 222
430 291
314 92
243 290
121 324
477 220
28 417
274 143
162 11
237 156
297 279
36 244
324 279
226 237
159 171
434 144
327 425
468 281
286 292
490 375
256 187
313 232
106 312
434 475
219 319
75 236
413 441
318 427
14 456
304 133
67 173
218 4
100 183
44 298
65 226
158 267
31 60
303 358
6 407
235 36
119 75
68 47
285 436
317 47
20 399
131 102
209 118
275 177
328 106
296 429
223 477
221 231
150 167
270 316
152 192
55 392
93 311
348 45
112 197
195 194
63 141
144 420
252 194
91 405
411 309
459 159
285 289
105 383
119 277
334 403
419 393
217 225
14 335
452 385
351 315
138 313
307 416
449 294
121 126
97 314
192 293
297 84
371 103
216 227
188 469
214 115
12 125
297 340
161 232
478 461
445 42
276 432
483 114
147 10
264 457
441 117
119 65
245 428
52 250
412 119
445 99
500 416
122 469
283 161
187 201
92 167
399 95
191 466
72 131
11 50
116 231
487 218
353 445
233 222
497 62
263 34
387 371
343 77
2 128
378 464
187 218
56 404
241 349
446 489
353 137
339 135
478 152
315 300
122 297
92 4
93 228
59 70
418 230
459 304
160 306
272 180
362 36
468 39
22 108
284 119
87 190
33 257
65 121
221 473
365 66
451 240
21 167
35 441
81 235
432 303
91 331
100 59
88 22
290 214
51 373
435 133
137 86
91 107
458 429
145 427
163 471
304 207
484 423
375 216
96 491
179 323
387 264
483 3
380 284
284 36
159 35
342 195
276 431
79 419
188 333
351 243
199 81
480 113
479 41
15 119
289 376
178 44
361 20
183 1
163 11
309 116
203 218
397 16
416 183
196 123
116 16
479 121
370 471
103 205
222 187
339 189
158 121
10 417
349 16
253 464
232 238
288 35
98 206
440 270
144 37
134 424
89 54
385 112
176 297
166 201
488 496
143 123
111 191
356 132
246 326
193 354
60 473
51 413
481 176
63 407
152 38
25 226
16 255
446 122
24 259
27 319
114 489
11 202
429 172
226 111
437 188
148 285
26 108
417 337
47 267
2 304
78 41
261 8
25 88
180 245
462 370
307 248
119 424
439 360
299 423
429 283
329 266
48 495
347 44
378 97
249 84
282 189
195 178
370 148
71 412
361 90
484 185
263 216
388 180
139 117
318 384
410 80
391 186
275 70
450 224
454 55
63 85
337 374
386 393
176 60
99 319
207 457
147 72
250 383
24 369
39 383
454 4
408 365
79 238
119 218
404 209
266 240
256 196
88 362
473 211
371 165
76 330
156 230
262 480
419 180
156 228
284 417
118 78
298 80
372 370
394 269
149 29
300 220
85 305
135 439
420 395
211 351
263 88
90 181
435 363
256 313
471 224
232 366
95 446
254 95
43 492
91 169
300 103
73 299
365 423
63 311
100 362
284 242
443 237
111 433
486 492
380 416
378 217
193 463
40 492
279 55
387 178
149 488
78 352
237 249
169 26
438 307
489 230
47 233
425 45
34 231
376 480
207 166
113 264
421 328
54 145
245 72
456 195
262 376
414 14
241 113
92 482
242 71
6 6
18 457
5 13
123 207
436 453
252 207
399 116
426 468
377 180
320 30
328 472
301 410
345 368
167 136
255 159
438 438
480 199
50 246
270 497
394 309
176 382
365 186
485 185
126 477
120 382
308 12
137 96
354 249
314 42
397 370
302 14
205 26
74 403
328 472
137 119
275 140
473 480
457 489
178 44
195 65
303 382
41 144
471 155
493 175
174 173
141 299
400 271
441 141
397 485
403 243
205 129
410 194
385 74
77 2
7 228
252 65
355 320
487 16
15 362
202 318
149 476
481 178
241 276
221 176
464 161
122 135
403 202
195 277
108 36
335 82
60 201
365 465
112 416
178 225
441 87
217 467
406 443
59 233
43 75
141 143
164 155
203 495
182 210
438 86
478 246
140 321
180 88
86 301
281 203
478 67
444 472
222 226
217 414
121 226
43 139
173 173
293 272
157 372
483 454
199 205
238 469
36 118
3 439
147 33
247 256
83 145
245 477
117 123
263 274
474 354
8 369
77 252
54 360
400 122
305 429
218 302
272 440
400 39
190 273
264 204
265 196
58 265
355 329
251 270
168 415
26 353
456 92
25 18
23 345
339 265
174 24
452 432
105 11
402 186
389 227
101 247
268 489
261 233
43 148
454 130
124 75
285 427
467 332
441 428
453 433
56 129
331 89
339 4
437 311
351 132
39 175
74 446
292 345
422 326
100 482
8 324
301 76
55 283
342 273
161 362
468 407
426 241
386 370
1 83
339 279
120 453
141 416
475 473
84 320
331 360
343 308
139 324
210 209
8 367
477 296
41 248
136 60
425 403
363 111
272 278
60 399
412 461
414 374
153 84
228 12
114 350
379 29
293 186
33 150
148 89
487 440
82 437
360 30
326 381
417 374
242 396
451 236
262 471
139 206
98 190
254 335
494 86
38 13
396 158
95 352
311 402
245 441
70 403
488 271
35 447
389 29
141 56
77 129
308 37
84 495
287 20
327 244
294 322
241 21
58 267
395 310
433 225
218 196
171 432
9 11
293 111
179 32
491 497
337 230
17 177
76 217
413 494
490 8
404 319
402 7
370 234
37 333
15 216
327 332
67 469
319 21
136 384
246 33
187 116
76 272
189 184
431 313
382 80
189 438
43 73
421 90
139 96
35 39
119 33
51 333
392 78
149 421
469 13
2 150
145 161
242 261
188 354
295 150
284 134
48 426
31 84
293 347
87 274
110 326
483 305
163 148
224 406
479 339
26 483
420 426
229 196
226 252
281 182
29 24
458 131
64 372
20 87
235 252
453 47
289 206
65 200
387 188
129 259
359 20
145 282
32 30
19 209
292 410
231 437
24 124
423 205
141 25
226 56
255 472
425 346
306 197
267 86
42 221
350 23
279 447
188 366
53 361
275 307
114 377
467 124
494 369
185 266
322 444
1 465
384 372
371 186
269 365
479 335
436 16
383 243
103 184
193 462
64 247
9 183
2 176
450 481
375 339
427 187
59 430
493 259
178 242
143 204
463 354
267 322
171 232
135 47
104 107
187 36
96 408
413 417
176 303
276 253
128 274
317 388
446 166
450 422
450 269
310 156
44 350
222 393
100 225
268 182
462 405
137 286
10 29
163 441
265 139
301 419
273 147
471 444
480 344
453 369
304 98
386 150
75 123
36 394
374 11
389 286
228 42
5 381
422 221
383 75
500 303
54 429
85 285
257 284
304 200
412 58
367 39
104 217
261 216
500 445
127 35
55 77
130 292
118 297
203 256
414 222
58 32
89 37
96 249
187 457
464 87
73 179
292 363
413 439
481 218
240 100
55 204
36 432
37 13
172 405
17 103
42 444
255 68
64 164
132 26
293 129
148 328
46 125
487 234
207 282
220 64
175 450
111 87
321 79
225 104
427 423
285 157
40 419
46 237
1 270
306 32
19 88
185 131
473 328
151 13
99 371
406 466
129 322
39 410
114 330
74 242
439 497
487 242
129 376
28 139
454 51
457 75
62 476
79 445
396 188
8 219
418 146
338 180
455 13
338 135
335 188
174 449
436 12
322 343
476 2
472 184
109 438
479 428
64 52
205 65
389 108
39 104
207 435
456 275
139 323
32 78
85 439
224 260
139 392
51 175
464 35
255 402
220 333
60 290
119 231
348 63
159 229
248 45
457 453
145 166
198 324
171 285
214 289
94 320
402 493
458 310
231 97
464 24
102 442
109 57
33 478
199 91
209 427
430 345
378 233
125 10
52 19
325 234
256 299
261 19
450 478
82 321
56 470
24 167
475 138
94 250
100 181
323 346
377 350
406 308
393 463
291 309
382 454
358 61
225 149
412 92
268 445
255 403
239 480
35 454
51 332
6 120
22 79
460 68
366 346
251 326
142 451
216 345
270 407
123 96
51 138
339 51
206 260
66 484
259 379
4 89
482 442
362 79
257 266
489 307
212 35
334 60
445 357
344 478
330 395
263 333
449 152
244 489
254 296
395 116
314 5
312 88
144 314
433 468
476 220
430 197
283 4
10 257
106 460
258 110
76 402
216 460
278 265
233 309
390 124
109 84
47 80
282 476
353 106
16 322
30 274
480 109
243 114
464 166
145 162
450 191
286 451
403 359
152 334
54 155
268 358
405 63
87 414
75 392
453 172
198 69
257 148
171 299
161 193
100 194
30 213
321 248
139 268
310 40
130 139
328 324
67 76
198 426
276 237
294 485
120 140
324 137
440 378
14 32
131 341
113 177
213 22
143 86
342 347
141 242
220 311
386 82
334 96
465 472
371 98
416 481
398 340
262 43
79 192
90 115
118 90
260 111
326 313
131 320
241 153
195 366
146 104
166 48
451 236
438 429
416 164
360 155
396 139
439 302
122 365
458 205
418 279
16 457
486 197
106 146
475 422
493 6
116 352
241 379
361 320
372 453
100 29
384 88
320 104
4 323
1 98
15 464
392 449
418 334
487 444
63 37
284 90
79 153
286 316
365 281
108 374
315 397
93 63
185 410
444 344
164 477
364 407
333 406
34 412
489 290
146 136
371 44
276 364
56 24
493 108
430 37
336 461
304 4
16 99
337 60
138 167
116 28
272 464
123 319
102 216
46 302
156 478
305 227
319 189
16 465
323 156
468 208
253 112
435 250
10 249
320 22
376 385
383 204
303 293
237 301
22 109
465 309
263 330
86 262
453 13
345 283
81 311
185 432
435 96
291 236
89 49
21 360
192 313
210 126
218 37
437 266
252 146
73 375
93 367
2 66
246 252
448 214
483 279
128 128
486 185
17 25
291 118
237 183
456 236
400 377
494 193
388 401
79 84
294 29
57 191
52 438
367 326
492 423
230 382
319 57
147 422
13 109
331 234
100 375
403 211
247 201
53 413
169 243
159 416
6 226
442 216
341 150
350 427
430 1
272 29
119 225
488 17
202 409
409 23
221 398
65 259
332 39
305 165
458 371
480 171
410 350
326 15
416 91
260 410
477 200
475 52
63 19
378 252
32 3
172 198
316 298
342 179
301 490
104 73
111 373
361 84
469 446
196 244
198 156
30 208
403 237
418 366
59 67
90 76
208 438
486 359
10 126
198 466
250 350
292 112
393 222
420 122
165 288
24 179
246 89
190 453
200 219
164 241
229 78
154 13
494 415
162 261
299 247
465 155
102 76
120 148
440 360
445 24
238 11
498 19
297 411
338 13
421 486
227 99
259 71
8 19
141 300
228 478
390 372
3 215
38 319
92 359
63 350
446 499
489 476
254 246
191 453
400 28
142 271
298 449
49 342
115 54
194 188
196 468
60 453
308 154
262 427
159 82
214 25
144 27
206 209
376 262
479 127
174 105
426 464
89 187
104 36
74 81
488 32
259 44
64 58
208 484
1 140
223 273
487 35
483 56
468 429
432 324
49 86
251 357
166 192
492 60
103 304
283 301
80 50
323 406
227 264
327 149
239 395
435 7
111 339
79 38
379 284
439 75
467 97
323 132
241 468
115 206
100 146
5 418
354 320
281 105
353 494
194 132
253 323
359 445
497 441
77 392
69 315
395 245
202 204
182 282
56 238
246 343
88 106
300 336
181 382
473 83
313 412
95 155
111 449
311 136
191 390
487 311
151 293
213 180
369 32
451 127
39 177
193 348
169 237
364 499
225 202
188 362
191 67
224 172
368 28
20 14
113 313
387 223
340 383
326 118
218 479
320 490
409 317
444 181
351 206
189 318
176 178
428 123
445 246
299 376
105 440
232 99
128 150
219 24
298 443
344 145
177 259
345 469
142 155
167 190
318 458
367 478
207 366
183 130
436 85
178 194
461 29
108 301
204 82
493 382
249 263
329 237
11 396
376 90
239 150
51 342
124 248
322 363
93 16
119 267
135 265
11 96
65 68
292 379
216 440
47 200
442 326
323 456
464 225
402 422
224 119
462 191
200 376
78 361
55 78
122 74
487 473
52 212
105 256
377 212
485 260
55 120
381 241
320 17
115 358
439 268
412 376
218 211
452 454
491 364
380 160
59 406
279 281
152 251
220 453
205 301
166 231
56 16
361 383
295 451
221 487
407 170
108 363
117 427
89 407
482 268
106 296
246 276
433 2
227 85
415 216
266 34
92 12
386 37
435 216
404 215
177 117
255 134
176 484
177 55
66 470
337 168
297 452
446 280
353 294
61 126
145 296
66 114
2 111
481 262
446 437
19 349
288 259
29 442
235 69
324 358
139 387
410 201
78 287
409 402
476 96
466 290
194 337
27 439
9 80
145 81
227 169
496 12
497 41
379 108
161 112
276 258
46 19
383 471
61 390
62 245
254 421
158 424
336 448
320 451
401 284
210 80
438 464
139 486
157 368
51 152
159 300
160 25
125 233
42 318
381 8
317 35
438 295
381 185
97 396
65 483
105 130
376 352
226 34
200 169
259 419
323 296
385 18
52 88
356 477
1 317
431 85
70 78
493 357
15 429
101 145
330 255
190 339
443 261
263 288
415 82
169 490
374 66
54 273
279 423
164 244
210 86
198 225
362 71
487 23
4 284
157 51
166 71
363 441
275 103
246 293
200 97
460 118
179 424
175 305
119 161
76 337
484 171
355 265
19 366
198 486
88 346
169 203
307 391
277 246
69 482
163 350
223 474
314 454
48 332
11 283
259 92
66 104
399 161
170 396
14 363
477 53
412 446
28 80
236 26
419 410
387 433
489 381
64 57
51 390
388 295
83 265
444 282
439 205
203 344
362 42
303 385
114 273
182 190
150 359
82 373
222 95
90 265
29 240
324 113
166 202
475 480
435 9
292 492
449 113
440 47
16 288
95 73
78 308
404 148
245 143
27 484
258 315
371 22
306 11
13 227
296 139
345 365
438 467
408 66
256 111
450 32
131 145
8 492
404 64
484 397
6 464
132 263
470 358
324 20
137 168
361 371
485 64
170 392
416 286
148 200
124 224
245 365
339 89
380 20
109 328
360 16
192 282
209 2
246 54
307 7
130 117
346 137
380 118
222 10
22 470
280 13
491 127
365 47
458 221
29 193
312 361
66 287
313 486
19 76
312 85
43 38
380 458
362 201
341 484
337 99
128 23
289 443
440 236
450 118
130 336
457 401
42 270
240 28
173 391
304 482
101 407
355 371
276 449
284 162
334 194
416 383
433 110
409 276
225 279
204 86
23 462
147 114
466 243
117 28
65 9
489 140
424 18
365 496
497 48
435 438
228 288
225 249
394 322
22 493
207 65
468 462
258 484
298 229
161 209
461 79
73 13
483 18
227 500
60 178
480 406
125 99
306 155
365 359
454 411
294 390
189 177
376 460
86 249
292 494
111 443
440 173
72 270
373 472
366 244
492 148
148 300
109 301
485 422
1 107
386 94
271 346
79 279
165 366
213 33
260 241
439 265
18 110
195 308
230 477
338 151
349 412
290 237
91 358
96 101
163 126
182 246
52 203
195 312
136 133
364 309
14 458
409 75
259 157
329 84
112 399
315 200
79 440
109 385
259 397
105 213
449 320
161 171
112 311
295 295
224 484
329 439
82 216
427 14
291 283
191 284
486 184
72 219
266 442
406 108
481 201
120 321
53 292
132 101
181 483
475 60
392 149
384 21
208 244
338 105
342 496
180 455
72 401
329 8
326 128
5 163
145 175
426 337
237 152
426 465
202 347
276 448
242 54
97 7
352 354
97 113
8 308
329 370
270 42
412 484
8 482
449 269
283 307
411 182
128 278
168 118
67 150
341 146
401 205
59 348
191 246
294 380
181 163
86 467
464 378
86 106
122 154
343 75
412 473
174 122
150 251
237 77
116 262
28 386
400 232
118 388
79 472
233 332
86 312
262 109
218 338
226 378
349 366
82 388
30 436
152 204
95 191
38 53
173 437
26 212
69 111
183 167
357 203
287 401
313 440
390 89
116 7
378 349
202 44
283 444
318 278
456 281
87 150
266 418
278 16
473 445
67 252
150 386
82 233
40 98
252 272
293 125
118 283
498 146
487 346
389 443
441 233
107 23
82 487
374 8
152 495
109 484
154 333
206 208
24 472
447 247
425 265
52 404
240 186
147 441
418 436
65 478
9 158
497 141
100 495
106 52
265 454
117 274
422 4
296 421
369 453
105 216
154 82
306 231
374 126
97 451
465 484
70 104
84 493
193 392
261 239
193 9
2 92
286 338
64 183
155 82
87 60
285 417
357 154
184 148
433 130
455 203
6 393
118 269
476 334
135 110
321 285
160 196
231 499
348 476
66 491
276 66
296 64
364 343
20 184
106 318
275 309
6 305
444 34
210 385
411 128
208 177
28 169
322 159
305 345
406 32
285 87
442 17
95 358
429 262
30 77
247 405
174 432
209 374
87 320
412 257
364 176
364 53
302 433
252 376
254 227
472 431
177 101
462 472
67 151
137 252
267 241
75 198
188 119
129 373
2 95
276 153
259 398
302 437
92 119
313 251
96 289
432 408
263 127
132 393
478 341
124 243
247 320
315 412
291 341
237 42
395 11
377 35
199 102
291 377
212 472
90 310
258 98
111 475
125 70
75 175
307 376
361 134
354 230
251 227
169 228
414 165
301 383
316 225
42 216
274 1
276 8
495 119
455 308
444 457
217 498
135 171
18 130
265 210
232 318
386 252
228 222
448 143
52 105
253 274
91 483
372 446
66 15
463 61
317 457
36 25
321 287
486 131
487 57
123 29
429 241
285 485
355 424
498 347
116 499
67 199
366 341
309 158
92 213
151 21
419 170
406 91
323 13
17 230
378 235
364 430
289 355
36 393
350 54
401 34
294 162
430 102
336 40
216 168
33 361
42 42
357 227
172 148
134 23
415 109
231 126
359 326
256 288
214 97
33 148
364 430
412 157
307 358
415 221
402 45
96 420
145 96
103 491
130 499
337 366
422 66
107 279
49 215
106 136
223 187
368 166
272 418
471 322
186 192
272 108
46 139
395 391
187 351
417 484
253 28
10 130
234 63
244 397
121 100
448 230
456 374
339 419
148 79
232 459
42 334
23 348
237 145
301 471
457 100
471 308
117 91
400 371
144 256
367 2
332 297
488 175
61 335
110 72
389 383
321 146
412 135
197 139
470 304
322 135
34 402
189 188
205 197
283 149
432 496
381 36
382 471
268 43
13 440
61 177
67 305
467 157
320 411
376 367
114 131
262 322
255 406
175 236
178 93
35 223
133 63
208 28
74 61
390 178
277 224
56 370
161 401
231 273
349 139
254 5
212 222
329 243
444 259
249 416
299 108
400 162
344 129
150 394
193 283
328 124
72 376
372 443
255 272
468 313
339 222
41 341
181 217
491 311
484 1
448 311
277 381
150 2
416 99
293 366
54 202
384 197
179 286
35 39
147 61
401 263
423 260
167 390
113 105
84 210
52 368
22 127
424 328
194 479
226 499
139 367
490 157
160 180
402 37
254 155
198 224
124 413
453 282
238 414
239 77
313 128
79 25
173 150
495 445
234 369
173 324
403 371
401 336
391 398
264 373
258 175
255 65
488 256
376 243
348 131
164 246
140 220
218 295
315 361
350 5
111 183
182 259
52 272
130 167
377 107
386 235
149 103
263 361
481 56
93 491
36 114
435 462
434 380
484 466
314 288
295 395
462 171
201 118
236 51
125 195
482 335
375 222
53 27
81 235
191 313
99 374
58 483
205 391
128 270
346 487
284 114
3 475
21 315
433 212
50 308
279 204
474 113
95 130
309 458
203 160
2 226
343 365
386 318
69 241
484 255
100 233
23 109
25 222
90 104
142 478
306 30
356 360
113 443
204 415
168 458
265 79
398 73
100 131
172 14
460 66
368 7
29 240
42 195
118 155
335 494
350 47
68 291
259 73
331 327
148 498
404 241
349 284
195 24
403 37
88 89
290 432
439 361
173 276
33 113
381 70
258 212
98 247
44 49
337 98
88 6
131 423
432 180
136 147
77 328
40 106
218 445
306 483
224 195
170 2
475 27
352 344
421 456
421 298
230 385
273 431
212 224
346 232
188 159
489 281
24 165
358 290
362 71
164 173
353 387
337 273
226 452
211 164
490 192
445 153
498 231
464 221
96 229
81 95
288 289
369 413
348 486
194 469
304 110
430 236
17 250
93 338
161 490
243 494
460 357
250 155
9 406
142 87
498 200
111 143
332 500
455 280
498 481
407 488
277 292
341 215
240 404
340 444
336 127
444 379
427 391
245 77
65 316
482 229
475 394
200 401
100 302
257 464
216 340
150 82
227 231
476 235
146 436
238 195
24 240
181 137
51 201
58 385
259 287
300 428
184 231
174 355
356 400
499 59
80 224
366 183
283 397
353 195
423 404
276 159
479 21
463 439
92 469
412 245
60 196
285 471
379 171
146 423
312 314
242 5
264 297
220 384
94 144
132 75
127 134
430 369
138 354
437 226
142 341
484 445
454 343
69 262
150 410
491 181
165 451
490 16
46 226
204 240
219 180
114 131
146 459
431 212
153 170
196 488
125 238
9 271
379 112
387 446
148 147
67 400
289 305
118 122
265 417
29 199
433 67
7 200
164 143
340 308
161 59
168 60
65 316
480 369
218 275
152 246
392 16
62 280
278 22
179 430
92 472
235 174
498 288
158 393
233 258
168 438
244 459
224 18
51 431
180 382
338 187
416 466
468 455
153 181
474 371
328 57
301 72
352 4
121 106
91 170
238 344
24 77
436 163
376 55
269 478
418 347
21 361
370 187
291 141
308 160
367 204
166 198
495 61
429 153
225 478
436 500
161 408
235 93
483 387
46 138
8 90
258 459
334 393
114 32
145 182
250 468
195 260
164 361
378 323
313 354
184 212
227 198
51 499
422 355
351 126
487 47
353 368
287 146
221 303
157 473
110 261
496 249
184 133
203 98
450 209
102 425
85 199
176 89
289 365
497 86
487 338
206 339
22 413
386 461
414 391
379 258
134 496
317 111
201 69
303 274
79 77
188 457
232 221
136 343
353 258
127 474
18 25
4 185
265 68
190 454
57 416
335 412
229 273
46 55
133 133
159 28
233 17
452 391
145 444
98 410
325 202
468 368
22 348
168 497
465 212
128 36
10 419
222 342
7 449
234 81
50 277
304 117
444 126
102 405
292 121
195 49
348 152
273 347
326 51
84 36
337 388
115 76
349 364
107 429
144 384
226 275
3 341
249 268
308 468
333 66
126 124
199 333
130 373
282 115
438 33
48 105
395 181
128 376
134 335
3 167
185 441
426 459
492 249
111 93
290 378
97 406
9 481
93 145
282 329
223 72
350 280
497 52
18 411
166 163
106 232
294 294
236 490
457 148
197 312
377 212
184 162
408 350
326 36
430 413
178 488
150 47
234 162
275 38
418 134
218 361
487 146
3 430
238 329
4 251
318 463
248 58
120 358
31 17
141 20
205 342
325 54
378 63
14 404
133 265
407 410
64 55
182 451
331 201
500 299
6 370
235 486
28 142
56 47
29 492
467 54
287 250
295 466
241 305
294 118
464 20
325 34
43 488
348 209
349 13
124 244
196 271
45 285
160 484
54 9
448 213
298 342
488 200
260 206
64 383
395 36
31 360
184 272
448 136
51 69
37 154
84 208
293 450
22 384
300 185
236 492
396 122
348 244
223 97
224 184
266 375
351 437
43 195
256 426
166 100
381 298
285 150
147 6
78 258
463 426
173 424
328 319
470 318
276 168
316 395
256 85
219 249
415 331
80 404
449 1
38 211
69 286
119 343
216 424
87 47
345 444
179 157
117 479
326 294
189 213
500 357
58 60
125 400
20 4
361 19
235 272
499 461
134 271
207 153
493 284
379 61
322 18
430 116
294 500
375 41
181 65
415 291
95 303
170 188
116 133
50 81
419 485
438 235
474 382
126 42
277 343
38 205
72 188
68 418
45 342
286 139
59 26
304 282
3 204
66 133
69 50
149 405
135 118
339 148
4 135
360 288
236 397
441 114
449 274
488 151
189 41
286 437
311 21
356 297
179 429
318 415
458 402
99 424
389 192
137 208
356 94
264 442
298 441
452 84
259 287
184 249
146 65
92 174
409 325
399 276
421 72
453 179
346 495
219 76
247 427
97 155
74 247
138 137
63 13
226 303
57 325
292 462
132 153
480 250
273 372
400 240
59 305
488 229
247 215
230 115
111 47
238 86
454 433
120 47
391 79
212 192
310 66
394 81
499 246
213 261
39 140
467 56
288 2
35 295
120 339
267 140
211 11
337 96
472 345
287 431
278 416
346 330
472 115
403 174
128 92
347 268
327 70
117 100
135 1
389 75
141 495
368 492
381 285
229 174
356 99
362 318
52 500
355 458
478 160
181 158
33 103
463 222
437 382
42 293
194 416
443 388
238 466
409 358
284 67
239 466
14 91
203 286
106 310
491 47
444 276
496 224
259 266
165 236
385 220
269 402
424 129
308 19
483 354
15 202
416 26
214 123
71 409
78 258
162 64
31 425
202 393
452 145
22 235
44 152
403 312
271 239
349 189
425 179
200 145
110 337
373 138
331 378
365 456
396 166
313 248
7 152
32 289
96 467
299 468
289 208
172 41
427 124
361 219
454 240
429 216
61 82
314 311
450 469
185 294
205 291
484 283
278 217
467 401
152 52
164 126
39 336
122 108
222 262
380 277
114 306
390 27
413 337
1 456
26 59
304 65
228 188
393 129
389 267
217 17
413 340
63 373
263 394
367 369
315 328
462 421
113 70
287 426
313 46
258 222
272 436
440 70
62 457
130 482
248 147
443 8
419 45
3 377
149 404
197 264
275 383
495 484
489 259
41 112
318 198
43 297
387 353
263 425
478 315
382 273
213 359
325 172
9 197
323 5
212 118
194 157
310 226
163 266
495 189
250 407
160 128
345 301
400 25
424 401
353 449
132 440
475 105
420 119
236 135
465 434
457 410
313 227
499 237
18 35
182 177
268 285
406 448
20 394
94 24
22 391
6 395
466 117
208 13
70 118
23 12
200 273
179 354
297 275
367 108
213 366
155 162
125 271
104 47
25 167
474 422
143 140
130 269
335 249
113 137
33 289
471 487
364 167
163 449
304 489
309 76
462 37
209 48
339 313
372 428
342 290
408 416
14 474
325 428
487 211
449 195
47 103
51 336
393 235
252 160
205 177
94 188
314 290
266 168
104 442
303 104
128 325
483 433
419 413
98 343
270 153
465 135
70 422
376 112
90 60
83 74
356 231
201 304
150 142
434 13
102 80
64 397
32 181
44 26
18 295
98 263
364 457
164 27
237 456
2 177
58 265
243 243
293 431
483 293
449 381
150 271
228 497
28 213
104 162
494 478
259 342
344 479
49 13
147 141
168 74
320 174
226 443
185 147
36 212
396 406
58 494
106 327
326 354
178 232
462 379
262 465
466 364
33 363
169 175
197 440
199 192
435 88
395 190
45 195
321 291
107 367
319 207
249 188
455 395
168 444
53 413
31 359
251 55
36 331
168 72
195 317
113 150
286 185
429 302
286 222
64 344
389 285
279 14
88 94
357 19
62 387
425 349
10 461
138 268
62 344
91 299
277 323
412 140
258 308
292 383
129 225
166 327
189 239
209 148
118 445
59 212
29 212
421 237
430 230
135 402
494 173
276 458
298 438
311 205
142 309
13 236
85 395
241 387
364 425
287 309
396 338
465 112
181 276
291 133
317 359
199 283
393 170
200 383
210 106
475 46
67 389
218 170
423 388
354 258
373 83
252 201
466 260
232 408
233 86
42 367
448 430
500 317
191 196
368 147
455 164
282 179
373 59
137 461
166 484
286 290
353 498
176 299
395 164
498 480
346 122
86 198
361 421
196 33
191 458
186 94
263 411
97 8
3 71
60 425
167 160
31 188
347 497
499 48
311 428
316 292
51 480
131 193
420 344
353 79
410 440
324 500
354 272
428 325
345 330
381 78
497 87
267 44
272 221
189 361
99 94
454 159
289 301
218 353
440 261
293 491
467 439
353 216
241 437
340 273
392 443
286 207
22 97
420 301
220 156
351 187
131 398
201 323
140 232
485 218
334 274
282 156
123 294
140 27
227 188
39 81
312 402
369 70
395 486
136 61
154 265
151 449
106 2
219 302
91 38
441 27
466 107
306 48
81 193
155 222
141 37
450 169
413 208
17 425
494 443
202 470
215 389
90 34
481 232
462 309
38 257
354 62
295 410
28 329
150 333
465 323
31 422
250 5
141 439
450 37
291 84
194 369
182 114
37 369
200 376
292 140
215 475
397 301
1 301
364 212
46 221
166 358
272 445
26 213
355 454
488 369
477 487
367 414
440 139
154 83
266 112
291 478
99 356
304 497
57 287
178 65
160 445
26 129
265 402
349 268
49 186
283 427
305 394
159 381
352 172
207 76
475 86
22 93
9 338
377 370
459 341
282 339
257 137
73 366
397 247
241 500
163 385
319 449
247 204
293 201
387 2
58 252
344 370
228 139
130 211
14 412
226 94
472 144
8 438
203 307
349 402
473 123
438 74
412 376
102 50
369 124
385 192
369 447
181 426
407 393
401 271
253 315
135 106
224 170
458 371
412 494
324 178
461 242
130 358
246 188
158 186
240 52
129 386
434 304
353 416
234 251
288 124
121 274
21 365
266 266
362 469
260 367
51 316
409 45
26 115
33 333
264 67
240 242
275 40
383 400
217 231
333 192
239 228
49 294
441 56
238 96
45 74
408 444
282 287
165 71
431 75
354 495
256 106
118 69
388 155
371 119
152 352
80 122
307 46
35 7
47 290
32 248
43 76
346 404
24 455
61 286
449 206
155 397
261 345
374 263
208 7
458 45
63 257
31 259
488 355
406 389
442 71
489 357
263 443
363 2
114 344
145 468
395 358
181 196
432 55
421 206
311 218
500 498
145 89
226 480
381 10
90 348
58 136
395 252
21 185
420 427
71 211
449 286
189 125
241 52
409 168
457 100
447 190
185 69
120 145
385 245
495 143
347 295
48 380
256 77
6 360
235 371
280 167
417 260
160 447
45 397
427 9
292 67
315 170
337 88
425 191
213 134
245 466
269 415
392 359
58 364
82 336
398 29
344 93
477 65
348 38
335 399
174 133
56 279
445 379
76 81
98 150
128 382
188 468
280 93
57 326
471 497
20 23
60 335
392 491
42 463
324 160
450 193
399 24
491 102
45 187
86 117
395 106
499 43
56 448
136 482
304 228
145 248
197 415
8 455
112 63
434 332
177 189
97 153
374 59
123 215
465 208
419 268
131 376
143 55
184 55
462 209
149 173
182 240
433 48
60 62
411 401
231 173
62 471
14 189
358 309
394 417
458 366
496 37
147 399
126 15
352 175
408 401
399 198
129 486
419 268
399 332
25 95
455 106
44 240
340 182
208 42
495 165
423 163
495 201
2 347
162 67
446 278
31 457
350 266
286 314
255 433
273 141
179 131
348 370
130 467
475 211
463 186
30 231
161 149
234 77
85 17
18 10
23 412
416 478
395 305
133 244
450 246
298 137
121 153
328 327
201 473
223 434
492 134
355 43
351 148
359 375
40 168
69 34
286 131
13 300
110 99
98 344
384 492
154 203
159 499
337 419
9 353
452 169
454 133
274 380
111 330
84 383
302 488
249 373
72 109
340 299
398 201
93 337
112 193
121 228
319 475
458 247
249 283
326 9
462 200
39 143
433 413
255 359
28 362
365 456
168 258
48 50
456 286
14 300
63 224
275 336
192 8
27 31
490 215
413 318
224 474
386 316
450 389
482 258
469 296
477 27
192 68
48 135
431 459
401 197
108 498
328 119
388 491
96 75
439 450
310 160
167 23
231 75
434 96
8 343
330 33
397 485
440 113
158 136
300 55
82 344
188 245
57 441
7 475
165 339
249 27
479 103
48 147
242 412
368 384
176 79
142 238
45 316
117 472
489 106
63 498
297 409
223 468
336 169
478 476
182 98
139 102
217 218
342 3
268 171
37 448
360 434
194 205
165 390
299 74
485 137
207 248
235 179
4 251
338 105
449 134
311 53
78 108
385 46
50 478
139 351
472 261
335 379
29 225
377 432
5 390
458 484
280 122
334 368
195 491
372 87
127 90
468 220
102 56
477 400
267 388
101 305
274 374
173 88
484 250
53 54
92 400
52 481
87 131
252 466
138 127
308 460
477 339
445 39
422 198
251 57
274 442
416 237
255 347
10 271
187 125
13 452
127 468
207 390
224 483
55 158
78 143
84 35
487 110
91 266
158 171
133 304
179 79
298 7
62 356
387 377
217 157
294 477
283 467
499 16
7 315
297 443
370 336
271 94
436 289
164 276
71 118
313 428
345 363
137 59
287 86
102 54
287 83
146 335
140 44
300 95
346 154
12 211
307 313
468 223
92 462
373 370
329 495
382 184
392 91
43 188
431 300
360 258
24 65
271 312
185 232
351 403
108 260
418 468
60 226
413 175
284 105
411 128
471 71
192 65
270 450
143 116
330 307
393 376
153 429
351 389
314 301
454 451
251 285
214 343
203 39
137 10
96 156
184 90
214 157
498 103
376 324
440 377
299 457
302 70
385 463
484 326
28 105
246 489
223 346
48 48
220 29
308 256
135 217
282 76
414 145
354 30
441 26
460 396
223 184
285 2
457 345
284 74
39 272
232 231
461 451
16 219
469 247
122 409
34 352
44 97
66 203
179 313
447 26
406 216
198 464
340 37
165 489
281 403
394 44
210 434
229 302
197 76
479 94
143 4
448 15
489 483
342 80
189 193
134 31
234 3
422 315
329 311
292 162
254 467
86 407
82 321
46 301
390 422
424 245
35 10
58 360
123 180
251 31
201 379
35 366
44 3
42 71
182 463
147 133
431 43
247 193
114 86
457 7
68 254
116 420
490 471
67 198
397 61
281 429
397 117
474 325
456 389
304 376
425 103
61 61
219 259
380 8
372 459
261 140
192 385
7 419
372 327
204 306
211 278
23 420
26 319
262 91
39 381
133 184
420 341
427 34
280 398
165 274
19 374
319 153
170 244
224 87
306 94
221 119
181 174
442 431
132 439
235 80
39 123
92 461
358 258
356 337
221 294
423 490
283 33
211 157
394 386
303 79
282 219
125 233
175 411
214 499
164 199
291 101
457 379
386 286
31 474
21 180
98 469
114 433
28 376
112 157
437 18
349 327
125 424
217 476
205 303
118 406
364 489
311 157
474 228
126 248
295 41
349 205
184 264
105 190
146 45
382 119
353 163
482 380
492 163
88 301
71 19
110 47
310 3
474 412
252 139
65 14
106 318
293 212
233 407
405 393
433 254
247 209
415 466
121 257
138 397
319 391
181 79
251 326
444 138
478 227
404 236
130 64
252 367
97 464
182 246
465 254
445 153
380 483
76 227
131 362
150 285
281 55
268 390
277 228
276 329
11 157
259 459
354 154
121 250
492 385
451 480
38 30
374 124
20 191
271 330
15 340
450 29
335 63
206 446
367 280
376 446
90 150
92 404
213 353
165 500
39 59
409 431
124 20
476 324
424 283
383 46
186 450
20 63
436 385
88 429
2 322
222 395
219 119
162 250
54 308
436 420
17 303
370 305
326 337
107 376
379 99
282 232
195 192
214 292
261 113
223 36
409 470
281 321
193 367
179 298
98 443
51 320
499 56
136 163
156 403
456 446
155 441
283 401
235 415
447 124
10 69
134 191
385 457
193 68
65 430
298 4
44 263
492 206
80 222
221 417
499 189
41 128
84 275
382 415
406 278
3 471
174 239
328 329
169 486
126 288
410 469
159 408
393 279
77 359
149 134
323 134
415 204
484 291
23 492
94 258
447 449
462 213
2 35
227 348
410 414
116 64
365 107
350 402
124 387
416 295
82 283
389 200
103 310
199 39
84 449
117 268
274 444
272 233
33 295
2 422
360 300
31 22
286 396
175 302
322 188
259 266
314 125
278 153
440 373
240 480
402 393
326 167
177 324
445 420
332 57
236 188
446 88
303 484
320 48
154 239
479 433
416 28
269 240
104 154
138 76
221 190
174 500
386 265
313 192
325 398
451 248
303 62
5 498
232 47
407 472
487 466
226 114
33 72
165 441
426 447
120 444
324 16
48 410
335 292
325 465
125 259
269 29
218 384
244 27
414 43
12 271
394 123
371 304
353 128
7 199
252 163
414 247
364 275
498 156
234 297
419 369
119 367
154 451
481 346
48 286
82 271
87 174
7 470
96 118
184 158
26 415
74 324
225 101
185 287
27 233
91 215
247 410
148 89
231 262
40 491
172 127
30 341
143 407
175 118
218 484
433 130
44 184
332 264
165 432
266 108
389 29
94 104
334 440
189 226
452 370
95 484
281 483
351 255
449 56
460 301
4 143
342 286
337 494
414 244
181 178
153 30
97 397
452 370
112 85
12 387
488 380
258 413
214 133
42 94
296 473
411 369
88 145
250 297
10 297
192 340
202 122
489 384
490 348
15 310
420 19
259 377
72 91
126 378
149 98
125 406
269 96
489 295
210 285
329 374
155 474
255 16
491 325
447 399
128 90
389 72
7 494
364 279
459 195
9 439
471 476
262 438
172 367
440 403
91 4
48 198
155 64
101 123
489 425
137 415
365 492
124 156
224 72
365 140
394 81
168 239
442 181
408 480
404 118
390 404
55 488
277 185
419 304
251 367
44 108
396 400
75 117
258 485
368 95
165 11
413 100
80 7
230 168
118 54
354 375
214 364
65 232
149 23
110 88
174 302
375 102
232 398
426 189
6 33
106 214
231 181
343 461
167 395
106 206
282 421
165 328
3 233
262 44
468 99
185 278
248 105
378 214
449 385
75 129
300 426
283 162
329 174
500 370
107 407
55 106
155 77
274 360
299 48
157 313
299 111
355 394
143 108
322 28
184 144
469 284
55 413
347 178
394 286
30 429
486 131
433 492
21 254
140 284
357 1
439 434
340 417
393 114
170 190
383 440
171 392
82 430
369 94
421 350
354 280
26 433
378 310
467 68
300 455
16 107
149 100
399 383
89 418
290 84
392 425
144 427
248 117
175 39
321 188
38 43
41 426
415 339
70 274
97 47
476 386
141 461
95 44
42 449
140 18
100 107
55 199
98 472
45 275
234 208
439 37
369 467
119 190
374 66
297 237
332 452
365 289
48 478
331 315
207 463
227 52
396 184
154 21
341 175
332 361
71 32
467 99
459 308
280 117
342 158
13 304
160 156
383 377
293 183
477 315
180 69
73 166
12 206
365 55
144 376
404 305
254 500
366 187
63 402
353 147
81 160
385 395
136 38
11 330
187 295
65 69
382 188
305 202
304 297
80 48
455 264
193 73
106 27
42 269
6 324
264 296
307 239
29 85
297 326
95 99
103 427
380 184
343 87
385 9
420 473
139 370
59 71
194 102
243 225
388 129
323 230
470 11
298 27
45 304
247 488
48 142
400 153
152 158
71 310
336 207
262 447
366 275
452 71
237 332
306 134
476 438
155 320
64 13
119 48
213 98
68 109
115 113
463 480
330 337
373 481
14 348
29 358
301 336
1 354
481 438
191 187
95 257
354 107
200 258
60 291
298 136
415 48
138 209
235 337
43 227
306 233
375 255
403 7
432 49
447 319
222 334
85 315
283 498
71 146
136 438
5 171
278 438
150 245
295 326
149 318
437 146
262 277
207 293
129 389
195 262
473 179
248 434
201 74
226 425
207 305
190 17
290 264
314 179
242 149
92 399
160 478
74 71
272 174
398 222
206 196
243 174
368 152
287 391
274 449
394 422
497 265
16 159
310 75
50 121
334 287
371 298
286 33
496 61
80 223
168 110
426 48
210 375
132 76
328 93
29 155
137 29
86 249
169 31
485 339
347 374
479 35
71 161
28 359
429 66
500 304
34 29
71 190
182 35
332 295
225 432
249 32
90 101
62 61
196 306
260 381
11 475
332 241
463 401
148 297
116 420
53 341
146 483
210 365
189 215
248 500
399 35
11 117
301 151
80 245
283 160
335 291
68 8
226 370
153 362
2 115
445 8
406 107
221 15
478 209
249 363
265 391
407 35
111 408
69 275
8 230
445 469
433 287
256 481
168 162
76 428
129 471
324 174
324 381
76 406
457 287
56 10
479 248
63 33
136 264
340 225
355 183
30 380
339 48
497 485
3 435
232 218
166 259
72 310
22 487
89 404
291 126
292 78
285 396
357 399
466 306
345 337
1 389
218 47
324 147
462 1
287 287
25 322
237 262
495 463
82 366
474 29
185 146
352 337
328 238
35 205
7 16
460 66
1 371
289 88
185 387
39 361
411 125
387 330
489 193
113 498
264 197
77 37
295 463
80 180
88 222
215 333
416 105
81 489
284 269
87 360
241 428
259 17
480 169
351 339
362 458
160 204
433 276
276 383
104 122
35 119
220 305
112 325
380 178
284 338
453 231
57 491
373 199
212 309
433 452
279 181
53 164
285 450
165 372
46 332
353 326
227 53
252 325
273 34
105 33
94 393
485 218
241 76
181 482
93 393
423 49
136 155
14 72
424 267
371 403
231 348
37 12
147 468
157 365
44 12
91 400
285 358
32 37
480 485
324 28
154 116
205 349
450 103
24 340
425 230
408 32
471 399
445 239
467 234
243 82
404 315
95 203
46 288
117 236
483 16
219 278
60 375
444 14
118 63
352 123
85 106
235 228
273 457
389 31
112 308
29 218
129 271
397 256
318 325
172 444
288 278
73 302
189 454
211 58
98 80
22 237
182 480
257 277
443 461
204 72
184 338
408 252
131 139
300 342
219 31
306 136
269 79
83 399
370 25
219 269
184 202
385 123
250 56
250 42
421 357
250 475
272 484
143 49
350 221
133 398
355 287
231 28
128 499
4 261
183 112
320 245
499 445
245 220
427 462
129 164
441 323
145 315
376 365
443 443
94 51
247 329
44 128
67 417
171 85
117 313
121 358
273 132
34 364
235 360
179 106
254 57
108 312
294 292
17 187
120 157
3 134
287 396
20 444
108 178
265 391
189 102
158 28
15 421
347 448
243 72
345 87
90 23
322 207
131 339
161 236
429 416
318 245
384 127
34 473
25 195
109 203
281 140
255 238
317 345
325 225
180 311
284 91
9 102
83 202
344 47
190 493
498 494
341 130
231 172
285 344
392 433
41 314
245 332
285 224
164 251
188 191
483 193
270 152
22 413
28 455
145 168
270 218
96 10
209 35
8 113
155 37
193 167
424 252
420 81
371 110
144 495
256 78
111 30
58 195
318 120
51 96
73 419
215 94
167 360
159 213
186 493
239 152
285 485
222 12
207 379
84 140
20 14
181 122
49 331
120 31
224 199
418 255
352 407
88 159
258 485
257 152
261 17
153 445
432 215
267 132
261 487
446 373
428 18
447 294
36 263
144 58
209 171
259 336
35 472
400 67
130 172
173 40
255 316
389 219
341 338
455 346
263 20
460 294
181 338
138 339
141 155
498 290
113 367
236 213
466 79
113 95
147 217
370 105
477 450
459 203
289 305
246 163
149 58
310 471
463 39
402 201
116 298
34 364
487 199
376 224
440 155
170 139
80 229
215 78
194 175
323 210
263 185
237 59
146 146
432 128
401 271
487 96
76 412
88 304
488 87
306 19
118 288
463 178
341 431
338 392
300 408
390 437
124 52
282 13
274 182
442 304
460 225
473 208
90 109
140 218
411 300
452 408
111 30
332 350
251 251
2 483
107 260
282 171
372 64
178 11
310 301
404 429
47 441
41 224
321 234
459 102
497 113
105 12
324 58
369 409
38 1
267 291
24 235
340 119
182 153
446 3
18 292
402 317
443 200
165 69
118 290
223 71
321 151
389 382
185 279
78 428
301 2
97 260
215 338
353 72
371 365
44 446
489 145
164 369
104 397
191 439
192 173
330 94
172 313
492 148
181 494
215 403
85 421
216 265
99 428
91 407
126 490
194 32
72 7
170 373
125 168
61 230
208 12
390 27
441 79
202 332
20 233
217 182
269 203
216 259
389 98
276 192
311 164
214 225
138 222
348 236
207 266
17 110
390 94
1 78
429 205
175 267
471 119
2 464
446 335
289 394
52 98
342 275
432 297
294 188
48 27
343 220
261 450
165 214
485 135
437 307
112 28
327 253
290 305
439 71
44 117
459 22
349 110
407 463
399 347
185 91
490 157
245 203
340 328
179 451
265 12
192 429
337 159
247 326
292 37
345 209
434 197
47 339
295 473
106 114
264 385
238 104
407 472
132 454
331 285
330 430
492 332
241 245
325 327
49 25
50 326
18 171
128 464
239 168
467 260
486 470
452 224
103 404
231 261
258 325
335 247
490 296
483 95
472 443
7 462
182 396
160 272
476 137
279 153
92 179
161 434
313 164
99 23
63 367
224 275
365 56
359 493
327 168
353 462
292 63
188 150
499 449
241 475
182 174
447 276
423 202
464 119
102 143
176 218
466 408
131 194
139 238
480 36
109 397
164 323
291 265
275 483
110 469
437 428
47 168
331 426
218 110
25 172
13 281
331 58
224 145
495 323
254 120
22 278
472 338
76 233
4 97
157 363
229 172
417 87
201 157
272 238
227 243
211 107
226 33
122 333
385 232
110 465
329 34
376 358
348 84
238 133
451 422
290 240
202 81
141 30
23 302
18 160
64 212
219 103
369 474
474 185
25 490
296 48
164 164
147 497
37 231
322 433
368 297
341 374
407 190
288 71
37 347
224 417
447 63
196 261
250 69
494 30
125 83
166 1
311 350
274 225
135 343
23 4
172 94
82 335
87 493
367 181
287 423
454 80
387 146
387 419
162 366
156 59
423 338
355 338
38 16
142 352
107 488
329 306
29 37
463 277
318 187
141 261
229 16
109 229
300 282
23 36
111 68
344 312
64 89
489 310
25 241
6 34
15 5
486 336
288 5
69 323
240 240
399 406
71 32
69 292
362 27
93 500
322 465
119 373
221 206
17 126
472 422
67 433
452 435
259 177
246 268
399 250
361 392
184 104
469 428
317 242
385 404
413 432
200 231
413 103
200 262
346 88
491 111
360 63
415 322
443 413
217 372
51 305
485 314
333 307
27 48
478 326
477 247
18 343
131 395
29 477
107 65
241 263
178 480
98 444
158 446
120 485
163 58
337 120
320 219
206 396
65 356
351 373
382 86
237 173
221 337
216 211
180 195
389 343
346 285
169 210
111 359
130 100
294 186
174 67
66 20
186 142
120 203
377 22
140 422
421 291
20 129
361 370
421 199
104 485
253 169
64 239
229 80
302 322
272 163
386 99
95 434
414 317
442 27
368 457
391 27
215 260
298 354
493 293
233 131
422 236
108 165
184 23
68 367
328 448
239 91
472 211
75 348
321 50
1 150
347 138
375 445
18 340
37 290
11 400
315 277
368 376
140 121
104 24
283 246
83 397
485 420
304 479
6 453
96 200
175 17
406 142
129 419
487 416
403 63
28 387
237 430
62 310
219 41
273 360
328 446
272 321
85 151
128 24
221 372
486 287
134 156
350 52
55 430
70 335
311 154
492 31
398 349
343 405
203 281
47 386
22 466
86 265
295 12
398 241
418 270
228 492
188 18
355 496
158 231
6 141
393 431
294 151
226 336
112 457
163 85
189 39
53 44
10 236
319 11
174 375
363 279
82 458
135 105
236 219
471 39
24 270
425 77
431 380
321 121
256 423
154 280
335 30
101 418
320 402
345 311
425 444
418 35
331 489
22 107
218 472
429 349
143 391
239 238
342 125
311 210
224 222
378 83
30 419
286 297
279 359
9 430
26 282
477 178
320 318
41 265
201 51
263 352
408 27
43 68
72 410
424 377
451 398
54 98
494 310
488 125
443 132
395 270
226 32
103 47
380 372
135 243
188 333
39 279
386 435
297 416
376 499
489 62
434 495
118 477
50 316
224 386
393 440
339 320
217 383
155 255
100 7
198 20
91 5
188 63
402 65
177 482
79 237
396 283
157 182
150 331
199 164
304 264
465 164
89 224
294 66
59 418
395 239
69 234
231 299
206 408
71 227
308 50
216 47
138 487
395 90
286 54
116 358
141 446
54 378
378 209
162 161
374 120
170 13
340 371
104 491
152 486
302 497
28 327
428 93
40 393
449 244
270 460
46 447
16 125
277 320
420 160
200 257
188 449
352 236
16 40
41 402
224 241
223 306
126 70
299 424
24 226
142 131
402 218
445 58
3 193
77 190
344 278
393 288
457 461
394 477
351 469
87 467
181 316
21 318
107 459
16 327
312 410
55 167
126 116
176 363
12 82
387 310
31 149
437 433
237 251
40 462
50 6
121 95
79 397
409 89
225 26
444 438
258 409
59 160
139 25
440 347
317 460
431 6
307 18
95 481
148 116
289 385
229 82
236 309
147 134
122 140
114 155
86 170
16 118
51 419
315 243
148 269
260 462
188 458
182 176
343 270
410 124
398 98
61 55
128 409
103 147
153 381
193 350
355 246
105 242
450 107
15 148
84 469
280 498
199 344
451 341
30 411
308 311
450 379
360 95
400 275
72 98
17 191
329 270
302 202
108 186
434 352
48 241
406 100
381 174
455 238
286 311
412 364
224 448
250 438
392 31
64 296
242 114
23 103
304 124
352 387
443 124
468 479
437 374
212 89
434 371
313 371
110 43
384 330
375 349
393 447
439 7
41 207
366 58
3 83
149 44
141 423
393 432
278 203
153 55
242 444
377 472
312 440
65 41
483 392
78 256
268 200
467 358
355 288
62 299
276 58
380 14
140 285
38 28
380 204
422 375
109 485
477 331
357 68
238 1
421 106
479 454
251 459
387 238
473 132
284 441
491 313
157 370
498 182
58 294
313 55
111 315
101 41
102 302
35 307
433 202
281 181
24 195
277 180
94 149
4 106
314 92
15 399
392 67
2 212
233 83
374 291
107 207
377 55
185 479
31 369
402 277
323 28
60 466
270 441
434 252
428 390
234 327
45 224
481 218
117 210
176 288
383 108
248 235
5 212
24 188
17 395
381 247
180 175
230 261
216 56
198 327
168 13
27 228
496 196
232 251
178 361
61 266
183 166
317 7
231 310
484 261
188 488
54 250
124 195
244 74
316 496
430 237
252 242
240 145
77 80
437 250
394 355
433 116
178 250
46 447
169 428
29 36
265 181
54 278
370 203
445 138
373 430
354 236
117 461
451 363
288 103
105 115
453 2
400 436
261 339
151 366
75 415
188 315
259 128
495 213
239 127
241 385
405 148
410 426
375 62
407 206
384 458
422 169
342 350
403 64
80 146
64 161
382 241
87 140
171 220
210 17
226 207
104 54
456 445
486 300
9 18
152 233
145 191
365 90
29 61
248 338
342 6
165 152
393 149
456 321
60 2
212 311
468 228
142 355
131 2
454 470
144 76
294 242
144 352
19 136
87 41
273 335
280 451
51 243
321 159
85 406
243 220
495 299
472 17
491 194
22 201
403 132
347 333
77 495
441 381
486 224
496 78
216 98
113 173
264 458
286 140
100 413
327 45
273 73
191 483
423 288
12 81
99 369
23 160
41 29
387 144
356 121
375 162
115 213
390 329
65 172
47 3
491 129
142 41
169 77
217 309
274 321
10 378
27 155
288 241
59 116
127 207
92 217
21 207
337 194
111 2
199 418
5 436
48 309
109 236
94 410
245 27
444 177
179 489
424 276
361 304
137 32
61 61
481 18
102 60
350 366
103 168
356 312
467 475
426 214
374 87
374 222
416 445
202 48
244 273
436 445
370 158
312 252
344 359
421 385
193 490
221 253
218 36
410 90
418 433
345 340
373 246
280 83
241 148
414 93
380 250
197 458
84 386
257 62
424 448
327 298
278 236
316 383
298 169
215 376
178 433
125 455
65 487
336 418
177 67
477 441
128 101
54 462
215 152
438 408
42 104
295 393
446 350
366 252
472 399
381 146
10 144
150 258
435 320
14 270
247 446
424 492
480 469
34 31
310 397
157 47
194 300
173 354
265 500
435 395
399 183
159 495
318 313
440 491
491 412
234 37
224 38
349 114
255 158
419 283
362 140
348 202
363 398
221 56
370 95
419 317
25 172
284 372
147 232
43 128
496 128
132 233
180 442
450 215
493 401
436 31
235 445
245 335
130 229
183 193
342 354
47 490
54 178
246 381
449 469
375 382
42 222
60 263
166 302
254 366
296 124
261 367
200 189
410 408
26 278
287 75
132 346
377 426
179 477
408 210
83 209
184 200
406 149
318 383
71 39
353 448
17 186
18 74
437 291
9 355
412 463
173 170
369 414
70 69
420 6
190 398
282 375
51 36
228 90
190 469
226 420
206 309
307 100
83 22
267 215
305 146
136 163
234 496
321 446
350 438
320 360
156 411
185 471
118 76
99 319
408 249
336 221
107 301
68 312
280 429
150 274
126 185
105 382
40 28
127 142
78 219
143 368
86 295
73 82
434 246
440 107
153 338
12 66
143 244
496 229
113 440
453 54
132 150
447 357
416 21
371 15
372 366
483 481
281 183
170 67
40 204
159 118
87 241
7 392
38 229
44 419
338 15
185 422
351 488
351 215
331 156
243 388
258 72
417 115
415 399
303 99
