3
2000 -10
-1000 -2000
10 -1950
100
0 0
1 -2
2 -4
3 -6
4 -8
5 -10
6 -12
7 -14
8 -16
9 -18
10 -20
11 -22
12 -24
13 -26
14 -28
15 -30
16 -32
17 -34
18 -36
19 -38
20 -40
21 -42
22 -44
23 -46
24 -48
25 -50
26 -52
27 -54
28 -56
29 -58
30 -60
31 -62
32 -64
33 -66
34 -68
35 -70
36 -72
37 -74
38 -76
39 -78
40 -80
41 -82
42 -84
43 -86
44 -88
45 -90
46 -92
47 -94
48 -96
49 -98
50 -100
51 -102
52 -104
53 -106
54 -108
55 -110
56 -112
57 -114
58 -116
59 -118
60 -120
61 -122
62 -124
63 -126
64 -128
65 -130
66 -132
67 -134
68 -136
69 -138
70 -140
71 -142
72 -144
73 -146
74 -148
75 -150
76 -152
77 -154
78 -156
79 -158
80 -160
81 -162
82 -164
83 -166
84 -168
85 -170
86 -172
87 -174
88 -176
89 -178
90 -180
91 -182
92 -184
93 -186
94 -188
95 -190
96 -192
97 -194
98 -196
0 10000
100
0 0
-2 1
-4 2
-6 3
-8 4
-10 5
-12 6
-14 7
-16 8
-18 9
-20 10
-22 11
-24 12
-26 13
-28 14
-30 15
-32 16
-34 17
-36 18
-38 19
-40 20
-42 21
-44 22
-46 23
-48 24
-50 25
-52 26
-54 27
-56 28
-58 29
-60 30
-62 31
-64 32
-66 33
-68 34
-70 35
-72 36
-74 37
-76 38
-78 39
-80 40
-82 41
-84 42
-86 43
-88 44
-90 45
-92 46
-94 47
-96 48
-98 49
-100 50
-102 51
-104 52
-106 53
-108 54
-110 55
-112 56
-114 57
-116 58
-118 59
-120 60
-122 61
-124 62
-126 63
-128 64
-130 65
-132 66
-134 67
-136 68
-138 69
-140 70
-142 71
-144 72
-146 73
-148 74
-150 75
-152 76
-154 77
-156 78
-158 79
-160 80
-162 81
-164 82
-166 83
-168 84
-170 85
-172 86
-174 87
-176 88
-178 89
-180 90
-182 91
-184 92
-186 93
-188 94
-190 95
-192 96
-194 97
-196 98
0 10000
200
-6839 7717
-9841 -489
-3234 -2639
-5471 -4689
-1724 -5014
5390 -6615
18 -9842
-4187 -2256
2246 -7581
-9803 -7717
3049 555
1553 -1285
-4779 -6407
-2695 345
-972 5987
6358 -9217
779 -1383
2054 -1483
-9769 -6859
-711 -5872
-5674 -7597
-6374 -9402
-6486 -5565
-1902 -6651
2425 1052
-8950 -8764
280 -781
-1136 7738
-5078 12
-1219 3566
6307 -4943
3956 110
6930 -6431
-1876 -2460
-6882 -118
-5679 -8570
-848 3514
9320 -9779
3858 -3438
114 -3864
2518 7900
-7148 -4302
90 8159
-524 -2271
5002 -9327
-1978 -2591
-3065 -4852
-952 8448
-8313 3076
-4150 -6517
-3012 568
6483 -1415
7001 1478
-2016 -9978
-813 9892
-851 -2877
-8092 -1331
2873 -9204
8150 8216
8229 -3526
3710 6479
6718 4250
-1529 -4450
-9477 -5923
-9647 -3029
-9400 -7534
-2216 1126
-8635 7025
122 2176
-9751 2521
-6284 -7583
-9845 9085
-6484 1780
6274 -9126
-7628 -2362
-8533 4588
-1011 3823
-21 -6015
-981 2959
-6763 878
-3144 7805
-8210 9824
-773 -2340
-1168 6550
4922 -4720
172 9454
-5027 -7696
-6573 -4067
-9419 -549
567 -7741
-7715 -7921
-2963 -4482
-4288 5656
-266 7422
-5 8711
3550 -5511
-5180 -5309
5028 4575
-7188 -7388
-3588 7025
-8031 -2979
-4143 -3763
5494 4057
-5841 -5587
-121 -5078
-4385 -5039
9656 -8162
8756 -4454
-4322 3187
5799 121
-3872 1549
-674 9991
-9666 -2235
2738 -9514
8883 -8637
-3024 -8856
-5705 -880
-3936 3039
-568 -2107
4581 -5900
-1493 -7543
-828 971
5101 -5383
-824 -3449
-2385 1416
-4123 -1446
9921 2089
7164 -8544
-6355 5418
2463 5005
-1672 -8828
-1706 -28
9093 1552
-8096 -6294
-6821 -9636
-1571 -8134
-2905 -2658
-3124 3193
-219 -2775
-4879 -9523
-2821 830
-5510 -3286
2726 -6108
2401 -371
6394 7067
-364 7565
-188 -7763
-9292 1870
-2286 -1914
-7621 1303
7509 6502
-7359 1255
-635 3124
1184 -5180
8166 -7819
-7849 404
-277 -4291
2348 -7729
-9096 -7610
-3658 4244
5452 -6849
2041 -5956
-9154 1094
-5005 -9204
-3258 9049
-6697 -4657
-7328 4905
-1576 -7965
-2963 9905
2440 7186
-7493 3878
1793 3940
1990 6895
1444 -653
9662 -9578
96 -8289
-8149 671
-4650 -3229
9486 -5544
-6565 -920
1386 -2510
6685 -7144
-9469 7120
8489 -3818
-6778 -6723
1644 6380
-6103 1347
-2920 -2939
-9580 -2055
-2806 1276
1984 -7299
-4790 2964
-9217 -3422
-2413 2826
1565 6443
-4653 808
-3451 249
-1419 -3748
-9273 -671
-1251 1896
900
728 2626
-6157 -5062
1210 -1739
-7451 -4193
6686 -6554
7366 -3852
-3065 -5886
-2501 -2691
2673 7153
-8105 -9798
6226 -4186
7717 6742
2367 -4811
-1530 8225
-3790 -412
-7844 -5951
-3477 -4411
-2489 -8155
-3371 -1533
-8531 1818
-1685 -2693
-5153 193
-1414 -5810
-8486 6881
6568 -300
-6229 -8359
1461 -1262
-2665 2169
-7935 1198
2650 2385
-9522 1667
-5138 -7959
40 3601
-9298 -1933
-9886 -2314
5851 2334
2531 -3837
415 -2835
2625 -2904
-2224 3880
-8788 -2990
-3401 -3664
7502 -3978
-5806 -9256
6866 -9042
5303 1555
3107 -7101
-5478 -6359
9334 -885
9361 -1746
-3990 -5418
9206 4660
-978 -9564
-1108 -5505
-251 -2823
3845 -1127
7814 -4333
6115 -2840
-3802 347
2558 -3811
-7846 -7366
-1498 -2225
-8553 -3665
-6934 -3321
-2307 -4386
1784 -8196
5364 -5846
-8987 1698
-8363 -5658
-5937 1599
6732 649
481 9726
6205 -1184
5943 1736
-5595 105
2659 -4945
-2527 8189
6671 -2164
6165 -5876
8388 -2644
-4666 2064
-5846 -5433
-6392 -8421
7793 -6350
8384 4818
-9008 -1195
897 -8865
-7284 -7330
-1319 -447
-7941 1367
-4943 -2745
-3768 -4970
-5168 605
6586 -6092
-8766 -8635
-5647 -8063
-8904 6761
-7759 -6698
-8817 -7792
6498 -2614
-267 -1872
-9066 1193
105 -3101
1549 9537
-5533 -2467
-7210 2111
-8364 2237
-6249 5562
399 -6110
-7090 -8786
-3289 5024
-8135 -3251
-5413 -6510
-301 -4944
-5392 -6734
1120 -1228
7550 -1209
-5269 -6941
-4466 -9153
-3283 -3313
-286 -1027
-111 -6297
-9067 -8172
-42 3
7268 -6923
-7339 354
-5107 -3291
-2205 -745
8503 7059
-1927 -2209
947 3848
8850 -5194
-3838 -7648
2805 -4853
-2793 1592
-5004 -5615
-2498 41
6388 2327
284 5748
2798 6234
5465 4222
-2027 -551
-3076 -7331
-2247 -5783
-9227 6067
-4277 1450
7809 -4005
-6078 -4678
6825 -7390
-995 -2583
4620 -1447
-3638 -2579
-4929 3464
1511 8919
-6894 2820
-8281 3269
-5291 1636
-1129 -9703
26 -5136
-1151 -5238
9021 -2629
-8336 -3111
-1119 6387
3766 -9785
-7812 7158
-469 -6491
1654 6856
2295 -1044
2126 5762
-5935 -1905
-2178 -7955
-9560 -9811
-1120 -6577
-2269 -3317
-9103 -1179
-3068 1313
9493 1618
-2734 -4748
-1605 3575
87 517
130 4612
167 -8185
-5572 -3731
3010 -7786
-238 -1056
-9252 -9081
-5527 -170
-6885 -1094
-1213 1481
-3488 -1161
-6616 -9755
9354 -104
903 7713
1783 -1405
-8872 6288
-6675 1788
9924 -5389
-5416 -2824
7911 -6031
-9772 1556
4308 1578
-2162 -4025
5337 4456
-6298 -5835
-2299 -2345
-6632 678
-6424 -2217
9435 -5098
1658 5584
-5944 -1810
7935 -2107
9887 7956
-2232 -4949
7111 -9122
7613 6236
-8363 5868
-9286 -5049
-496 -7241
-8456 1611
2130 6308
-9714 -1340
497 -6370
3640 -3580
-8002 -9213
8790 -1050
-6419 -5475
-5320 -6369
-9545 -6987
2328 -2378
-3875 -3805
-408 2293
1965 2408
9167 -320
-7734 -2785
7534 4390
-8473 -1487
-6329 3926
7988 -7191
-3712 -8684
6140 -7929
-5436 7019
6670 -2695
8843 4453
-8325 2087
-6340 2265
3423 77
-4016 -3995
-860 -4274
8472 -8132
-3933 -7193
2753 -9471
-5172 -445
3607 -6091
3817 2541
4776 5038
-8611 1642
8171 -4440
-9710 -7320
-9855 7648
-2764 2066
4282 -4513
-9608 4230
3931 -6893
9826 -5720
-97 1412
-7867 1144
5499 2406
8171 -7263
-8922 -4374
8311 3604
1209 -7974
7081 2453
-9804 -8635
-701 8787
2689 -9321
8490 -9026
-1892 6509
3535 -5964
2195 9512
-5042 -6179
-8341 -768
5110 -8648
-8157 -7430
1962 -1963
3997 -1187
-5848 -1244
-70 4129
2984 -9714
-9083 -3287
2599 -2557
7283 5651
6597 -333
1514 -8882
7243 -8671
-8225 5771
-3023 -9835
1636 -2729
-8001 3473
-3294 -7320
9810 9958
1667 -235
4674 -5561
-332 -9397
-4094 -7938
3080 7677
-249 -322
1888 2076
8684 -8166
5034 -1112
-1739 5460
-7480 -155
8755 -2504
-6413 2962
7688 -7703
-2753 -9898
-7637 -4164
5856 3035
-9970 -924
8621 -1889
5854 1998
-1947 -5879
971 -8722
-6065 -5895
617 -3239
-3866 9347
5685 3925
-2411 1566
-9796 -4403
4799 3064
-6119 -3702
9474 -1460
-6531 -5857
2493 -266
3796 -9693
6607 5190
-123 1604
2434 1396
-2246 -1062
-4759 -6701
2530 -1735
-8027 -5880
9267 8972
7918 -1827
2739 -1218
-1584 -175
-4295 3162
2708 1875
4016 -2121
7201 -9073
6364 -5012
1218 7784
-4545 9066
1449 1414
-9442 -1431
-7372 -4143
4992 -3165
6640 319
8343 -703
-2245 -149
-9022 5266
-5489 9287
-2127 2563
1275 8627
-1909 -1588
-236 2542
-3987 -9113
-6644 -757
2644 -2906
2785 -5656
-6115 837
-6534 -4612
-1622 -5282
-1618 -3921
136 -9956
1893 -9649
1039 562
1154 -4256
-9782 620
1122 -2509
-1481 -58
2430 -9542
8912 -9476
-2761 4794
-3604 -8766
3827 8610
128 85
-8798 -2629
9034 -7471
2375 -9439
1455 -1659
-6029 9138
-6685 -9756
-492 4516
457 7133
-6802 6267
-4836 -499
-3928 4347
814 8403
7627 -7397
-8530 932
-6650 -805
-433 -5663
-171 -2537
-730 9254
-3741 -515
-7468 -9468
2638 7547
-8602 -3439
5962 -5284
-4103 -578
-5463 -4299
-6142 6953
-3207 7674
-7411 -2828
-178 9943
-1405 -8138
2594 -3428
-5166 1905
-582 -4040
-1560 -1596
1835 1289
415 -3359
9853 -5677
-6848 -2015
-6162 6480
-5503 -7049
2714 5638
-3600 -2238
-7910 -7841
2997 -3001
-4790 -5739
-9997 -8097
-5809 5004
912 -755
-7719 -2203
6326 -910
-2170 976
-2728 -4092
3656 -9919
-7592 2429
-6617 -4569
1032 3472
-4151 -1127
-1136 225
4689 -9455
-4080 -8267
-4282 -5122
-570 -2073
-6762 2548
-2094 -2435
-2117 -1913
2520 1562
7132 -968
-1306 2326
-7369 -8849
-9961 6795
-8226 -3479
3703 4881
-1857 -2700
-6712 -4532
-4056 -3399
-5180 7204
-3413 4057
-8956 5174
1758 9980
-3424 -1015
-7609 3813
-2952 -2173
-4906 2506
1555 797
-6861 7426
-2651 -8108
345 -5344
-9706 -6942
-5661 -7009
-1247 4685
-3097 -2114
1050 -7075
832 -6833
8820 -5516
400 7403
7266 -6855
3589 -632
-5796 -8971
3995 -6067
-1083 -1790
-6845 -8252
-86 -8639
131 -399
-6291 5867
-3043 2659
-2461 202
-4460 -9783
-6150 393
-2451 -9017
-7296 -471
-9421 -9591
-7328 -6635
-195 1015
-7442 -2856
275 -4823
3429 -9330
-9873 -5635
-7954 -6631
9089 -1689
-8028 -7915
-9866 424
662 8877
2297 -2334
-724 -2449
-3622 3690
-8626 -5955
-433 1151
-1086 2182
2680 731
1108 -7787
-5465 -9176
-7142 -2040
-1344 -2604
9560 2755
-5123 -2936
8226 8006
245 5045
641 8701
-994 -9136
6808 1558
-6960 -5120
-4985 -9864
9868 -2731
-6609 -1422
8861 4059
-9641 -2126
5374 -7984
-2674 -5385
-9956 370
-2990 -6647
-3458 -9604
-9264 839
-7486 -77
4269 -2271
-8343 1468
-7259 -8440
-8970 16
2547 7202
-4621 -2574
-7536 3523
6613 -7744
-9378 1368
-2752 -7383
-2393 -8379
-18 223
-5086 2898
8364 -6132
119 7009
-7290 -1367
1538 -5917
-5756 -8915
-3203 -2388
-76 -8029
1625 3012
-309 -5921
-691 -5569
-8026 -8782
-2893 9999
9846 -1412
-5938 3641
-837 -7006
-9167 1958
3248 -3168
-5124 -2310
-89 -6144
-3288 -214
-618 -1044
-7258 -2711
-8461 1024
1410 8164
-9444 708
2222 5168
1530 5944
-2404 3904
-5753 -1392
4939 91
-8403 3203
8295 -4372
-3439 -3105
-1366 -5028
8208 1215
-2745 5854
9384 -5728
-2231 6313
-5158 -5136
-201 -6676
-9041 -953
-5382 -8420
-2055 4379
-2462 1585
-8773 -4849
838 6834
139 1707
6795 5678
599 -78
1832 2926
3302 -4561
-9561 -25
-9279 7250
8653 7923
1041 282
3422 290
-4725 -8141
7803 -1267
4425 -894
-5043 -3924
-1510 -8290
4711 6184
2654 4002
103 -4365
-8182 5568
-8899 -5161
-1325 6968
-6033 -8403
5097 -5335
60 9039
-5343 -217
-6817 -7376
2040 1230
-7337 -4630
4724 -5418
5541 -2921
3437 -7193
-9835 2436
-2451 1295
-9279 164
9139 7282
-110 -6783
1118 -7423
-184 6840
-7160 8782
-8228 5797
6289 2207
-6812 -2212
-514 -6335
-2025 -7781
-4094 5438
-7982 3292
-2373 3986
-4070 -9201
2080 -1637
2658 -6009
-9894 -6001
6767 -8525
-2032 -781
-4070 -6416
3975 -4343
3158 3549
-5687 6569
1811 -9456
-1690 -6701
4867 9223
1113 -9053
-1381 -2686
-3219 -953
-5220 -465
1279 8461
-4110 -8091
261 1216
956 3317
2639 -1515
-2707 -1923
-1779 -4863
4242 -3136
-9582 2061
-6602 -8749
599 6989
-7645 -9992
5731 557
9 1808
-8150 -1651
8451 -3251
-6509 -8818
-872 -7386
3774 -83
-1504 591
-9211 -624
2089 -600
-7773 9791
-2600 3988
-397 4213
-3437 -1363
-1862 2614
4574 181
-473 -2717
-2108 -7728
-2054 4972
-7271 -3631
-9629 -3706
8126 -3437
-5492 -5123
-6683 9897
-4774 -4469
-9995 9463
-5969 1514
-2640 -2078
180 4262
-4109 -6811
-5898 -3689
5245 -5434
-5490 5390
2708 -2967
1573 1325
1285 -2300
4119 -1796
1834 2578
-3976 -8103
-9999 1515
-9004 -2001
9466 5779
-325 -5077
-3263 8114
-8994 -7445
-2531 -699
-333 -3689
-4024 -2796
1535 -4523
865 -2749
-8300 -1928
5678 -5204
248 -4040
7941 -4916
-3960 -2200
7181 477
-6307 2468
-9600 -1307
-1713 6729
500 461
-8521 2378
-3877 8660
4633 8031
-3737 3045
-766 -4447
5810 -7546
-5778 1364
-2947 -1838
-2419 -8444
1175 -8662
-8026 435
-5855 2727
-9475 9265
-8529 -1388
-238 3597
-8495 -2695
-5686 587
-4589 -8678
8497 -3785
-7582 -5438
-449 -8967
-5808 2234
4731 -3318
-2790 287
2718 -6683
6696 -4109
-7366 3137
-1932 6194
-9062 8894
79 1543
-7381 -1250
-2272 8512
-1700 -4713
-6834 -2592
7682 6630
1409 -9325
511 -8026
-8605 -985
-9788 -2239
-5235 -2662
-4428 -250
-3297 -2802
-5173 1339
176 -9212
-9538 3733
-2105 1864
7845 6438
-6039 2089
-9993 8150
3188 9868
-4460 533
5323 -6015
7913 -1393
2611 -4714
7344 -6174
8989 7466
-5098 -468
-7866 5477
1217 425
-2117 102
-9295 -6437
-2975 -4290
7813 9162
-1581 795
-3454 3791
8013 -2745
-4880 5739
-1399 9074
870 -9731
-2072 7437
2503 660
-8492 -7495
-5524 7682
-2877 -5153
-3068 -7662
8190 -5823
1049 -4421
2147 -4112
-2635 -9548
8903 3840
3877 -8533
-8320 -6279
-6371 -1679
8035 9744
-964 9240
7241 -6379
-6542 -4928
-8168 1806
-5857 -5074
-4385 -6044
4029 -9954
449 571
-8576 -8389
2838 2504
-7267 396
1102 -353
-7031 -7695
6967 715
7971 2606
-8927 6241
-4619 -3097
9184 -4105
439 -5106
-8174 -9904
1525 -8904
1986 -4645
-5741 -5226
-5332 -2242
-9395 -4637
1249 2957
-1853 -8199
-4179 320
3637 -9622
8152 5283
-789 2251
4746 -1969
1721 -7949
-1645 -1927
609 -6555
-7062 -7607
-2439 -3799
-7885 -6642
-9234 -5694
-2330 657
2377 -3748
2734 1319
-9071 -3196
-6545 5483
-9295 1629
-1748 -7157
5340 -9136
3976 -6207
-658 -3581
3627 645
-4715 -9395
-7193 -5376
2032 2121
1692 -6588
-842 -855
-296 -8293
3835 -2738
-5853 -9346
-3602 -2507
-7717 5672
614 6643
-3749 -3895
6814 1380
-3967 -8578
1150 -9152
9840 -6911
-4515 -5488
-9645 -2531
9732 -9089
-1469 1030
-3564 -6412
-9397 -8506
-9077 9856
-1687 -6534
-8733 819
1240 -6593
9275 3411
940 -6617
-4518 -5008
6078 -7504
7825 817
-9431 -5673
0
