5

0 1
1 2
2 3
3 4
4 5
5 6
0 6
7 8
8 10
10 20
1 25
7 8
100 188
176 189
190 191
191 192
193 194
195 195
196 196
197 197
198 198
199 199
20 80
90 140
30 130
120 140
119 160
161 162
163 168
170 180
160 190

120 150
0 10
1 110
150 160
199 112
199 12

15 0
198 199
180 198
26 75
1 10
4 0
9 0
2 17
3 15
7 27
29 100
101 130
110 114
110 111
27 74
98 99
128 140
141 160
145 180
181 188
189 197
5 12
18 9
25 33
66 78
30 40
135 99
23 35
123 135
34 43
145 148
146 177
89 131
80 100
123 135
156 165
180 160
179 182
190 192
160 165

0 19
1 123
124 158
173 159
174 175
176 177
177 178
180 179
199 181
5 47
83 16
84 85
17 99
100 101
121 66
55 77
36 18
180 190

0 199
