9
4 7
1 5
2 6
3 8
15 1
1 5
1 3
1 10
2 14
2 4
3 8
4 3
5 2
5 11
6 2
6 6
8 9
8 6
8 7
100 500
1 42
2 468
3 335
4 501
5 170
6 725
7 479
8 359
9 963
10 465
11 706
12 146
13 282
14 828
15 962
16 492
17 996
18 943
19 828
20 437
21 392
22 605
23 903
24 154
25 293
26 383
27 422
28 717
29 719
30 896
31 448
32 727
33 772
34 539
35 870
36 913
37 668
38 300
39 36
40 895
41 704
42 812
43 323
44 334
45 674
46 665
47 142
48 712
49 254
50 869
51 548
52 645
53 663
54 758
55 38
56 860
57 724
58 742
59 530
60 779
61 317
62 36
63 191
64 843
65 289
66 107
67 41
68 943
69 265
70 649
71 447
72 806
73 891
74 730
75 371
76 351
77 7
78 102
79 394
80 549
81 630
82 624
83 85
84 955
85 757
86 841
87 967
88 377
89 932
90 309
91 945
92 440
93 627
94 324
95 538
96 539
97 119
98 83
99 930
1 10
1000 1000
1 1000
2 1000
3 1000
4 1000
5 1000
6 1000
7 1000
8 1000
9 1000
10 1000
11 1000
12 1000
13 1000
14 1000
15 1000
16 1000
17 1000
18 1000
19 1000
20 1000
21 1000
22 1000
23 1000
24 1000
25 1000
26 1000
27 1000
28 1000
29 1000
30 1000
31 1000
32 1000
33 1000
34 1000
35 1000
36 1000
37 1000
38 1000
39 1000
40 1000
41 1000
42 1000
43 1000
44 1000
45 1000
46 1000
47 1000
48 1000
49 1000
50 1000
51 1000
52 1000
53 1000
54 1000
55 1000
56 1000
57 1000
58 1000
59 1000
60 1000
61 1000
62 1000
63 1000
64 1000
65 1000
66 1000
67 1000
68 1000
69 1000
70 1000
71 1000
72 1000
73 1000
74 1000
75 1000
76 1000
77 1000
78 1000
79 1000
80 1000
81 1000
82 1000
83 1000
84 1000
85 1000
86 1000
87 1000
88 1000
89 1000
90 1000
91 1000
92 1000
93 1000
94 1000
95 1000
96 1000
97 1000
98 1000
99 1000
100 1000
101 1000
102 1000
103 1000
104 1000
105 1000
106 1000
107 1000
108 1000
109 1000
110 1000
111 1000
112 1000
113 1000
114 1000
115 1000
116 1000
117 1000
118 1000
119 1000
120 1000
121 1000
122 1000
123 1000
124 1000
125 1000
126 1000
127 1000
128 1000
129 1000
130 1000
131 1000
132 1000
133 1000
134 1000
135 1000
136 1000
137 1000
138 1000
139 1000
140 1000
141 1000
142 1000
143 1000
144 1000
145 1000
146 1000
147 1000
148 1000
149 1000
150 1000
151 1000
152 1000
153 1000
154 1000
155 1000
156 1000
157 1000
158 1000
159 1000
160 1000
161 1000
162 1000
163 1000
164 1000
165 1000
166 1000
167 1000
168 1000
169 1000
170 1000
171 1000
172 1000
173 1000
174 1000
175 1000
176 1000
177 1000
178 1000
179 1000
180 1000
181 1000
182 1000
183 1000
184 1000
185 1000
186 1000
187 1000
188 1000
189 1000
190 1000
191 1000
192 1000
193 1000
194 1000
195 1000
196 1000
197 1000
198 1000
199 1000
200 1000
201 1000
202 1000
203 1000
204 1000
205 1000
206 1000
207 1000
208 1000
209 1000
210 1000
211 1000
212 1000
213 1000
214 1000
215 1000
216 1000
217 1000
218 1000
219 1000
220 1000
221 1000
222 1000
223 1000
224 1000
225 1000
226 1000
227 1000
228 1000
229 1000
230 1000
231 1000
232 1000
233 1000
234 1000
235 1000
236 1000
237 1000
238 1000
239 1000
240 1000
241 1000
242 1000
243 1000
244 1000
245 1000
246 1000
247 1000
248 1000
249 1000
250 1000
251 1000
252 1000
253 1000
254 1000
255 1000
256 1000
257 1000
258 1000
259 1000
260 1000
261 1000
262 1000
263 1000
264 1000
265 1000
266 1000
267 1000
268 1000
269 1000
270 1000
271 1000
272 1000
273 1000
274 1000
275 1000
276 1000
277 1000
278 1000
279 1000
280 1000
281 1000
282 1000
283 1000
284 1000
285 1000
286 1000
287 1000
288 1000
289 1000
290 1000
291 1000
292 1000
293 1000
294 1000
295 1000
296 1000
297 1000
298 1000
299 1000
300 1000
301 1000
302 1000
303 1000
304 1000
305 1000
306 1000
307 1000
308 1000
309 1000
310 1000
311 1000
312 1000
313 1000
314 1000
315 1000
316 1000
317 1000
318 1000
319 1000
320 1000
321 1000
322 1000
323 1000
324 1000
325 1000
326 1000
327 1000
328 1000
329 1000
330 1000
331 1000
332 1000
333 1000
334 1000
335 1000
336 1000
337 1000
338 1000
339 1000
340 1000
341 1000
342 1000
343 1000
344 1000
345 1000
346 1000
347 1000
348 1000
349 1000
350 1000
351 1000
352 1000
353 1000
354 1000
355 1000
356 1000
357 1000
358 1000
359 1000
360 1000
361 1000
362 1000
363 1000
364 1000
365 1000
366 1000
367 1000
368 1000
369 1000
370 1000
371 1000
372 1000
373 1000
374 1000
375 1000
376 1000
377 1000
378 1000
379 1000
380 1000
381 1000
382 1000
383 1000
384 1000
385 1000
386 1000
387 1000
388 1000
389 1000
390 1000
391 1000
392 1000
393 1000
394 1000
395 1000
396 1000
397 1000
398 1000
399 1000
400 1000
401 1000
402 1000
403 1000
404 1000
405 1000
406 1000
407 1000
408 1000
409 1000
410 1000
411 1000
412 1000
413 1000
414 1000
415 1000
416 1000
417 1000
418 1000
419 1000
420 1000
421 1000
422 1000
423 1000
424 1000
425 1000
426 1000
427 1000
428 1000
429 1000
430 1000
431 1000
432 1000
433 1000
434 1000
435 1000
436 1000
437 1000
438 1000
439 1000
440 1000
441 1000
442 1000
443 1000
444 1000
445 1000
446 1000
447 1000
448 1000
449 1000
450 1000
451 1000
452 1000
453 1000
454 1000
455 1000
456 1000
457 1000
458 1000
459 1000
460 1000
461 1000
462 1000
463 1000
464 1000
465 1000
466 1000
467 1000
468 1000
469 1000
470 1000
471 1000
472 1000
473 1000
474 1000
475 1000
476 1000
477 1000
478 1000
479 1000
480 1000
481 1000
482 1000
483 1000
484 1000
485 1000
486 1000
487 1000
488 1000
489 1000
490 1000
491 1000
492 1000
493 1000
494 1000
495 1000
496 1000
497 1000
498 1000
499 1000
500 1000
501 1000
502 1000
503 1000
504 1000
505 1000
506 1000
507 1000
508 1000
509 1000
510 1000
511 1000
512 1000
513 1000
514 1000
515 1000
516 1000
517 1000
518 1000
519 1000
520 1000
521 1000
522 1000
523 1000
524 1000
525 1000
526 1000
527 1000
528 1000
529 1000
530 1000
531 1000
532 1000
533 1000
534 1000
535 1000
536 1000
537 1000
538 1000
539 1000
540 1000
541 1000
542 1000
543 1000
544 1000
545 1000
546 1000
547 1000
548 1000
549 1000
550 1000
551 1000
552 1000
553 1000
554 1000
555 1000
556 1000
557 1000
558 1000
559 1000
560 1000
561 1000
562 1000
563 1000
564 1000
565 1000
566 1000
567 1000
568 1000
569 1000
570 1000
571 1000
572 1000
573 1000
574 1000
575 1000
576 1000
577 1000
578 1000
579 1000
580 1000
581 1000
582 1000
583 1000
584 1000
585 1000
586 1000
587 1000
588 1000
589 1000
590 1000
591 1000
592 1000
593 1000
594 1000
595 1000
596 1000
597 1000
598 1000
599 1000
600 1000
601 1000
602 1000
603 1000
604 1000
605 1000
606 1000
607 1000
608 1000
609 1000
610 1000
611 1000
612 1000
613 1000
614 1000
615 1000
616 1000
617 1000
618 1000
619 1000
620 1000
621 1000
622 1000
623 1000
624 1000
625 1000
626 1000
627 1000
628 1000
629 1000
630 1000
631 1000
632 1000
633 1000
634 1000
635 1000
636 1000
637 1000
638 1000
639 1000
640 1000
641 1000
642 1000
643 1000
644 1000
645 1000
646 1000
647 1000
648 1000
649 1000
650 1000
651 1000
652 1000
653 1000
654 1000
655 1000
656 1000
657 1000
658 1000
659 1000
660 1000
661 1000
662 1000
663 1000
664 1000
665 1000
666 1000
667 1000
668 1000
669 1000
670 1000
671 1000
672 1000
673 1000
674 1000
675 1000
676 1000
677 1000
678 1000
679 1000
680 1000
681 1000
682 1000
683 1000
684 1000
685 1000
686 1000
687 1000
688 1000
689 1000
690 1000
691 1000
692 1000
693 1000
694 1000
695 1000
696 1000
697 1000
698 1000
699 1000
700 1000
701 1000
702 1000
703 1000
704 1000
705 1000
706 1000
707 1000
708 1000
709 1000
710 1000
711 1000
712 1000
713 1000
714 1000
715 1000
716 1000
717 1000
718 1000
719 1000
720 1000
721 1000
722 1000
723 1000
724 1000
725 1000
726 1000
727 1000
728 1000
729 1000
730 1000
731 1000
732 1000
733 1000
734 1000
735 1000
736 1000
737 1000
738 1000
739 1000
740 1000
741 1000
742 1000
743 1000
744 1000
745 1000
746 1000
747 1000
748 1000
749 1000
750 1000
751 1000
752 1000
753 1000
754 1000
755 1000
756 1000
757 1000
758 1000
759 1000
760 1000
761 1000
762 1000
763 1000
764 1000
765 1000
766 1000
767 1000
768 1000
769 1000
770 1000
771 1000
772 1000
773 1000
774 1000
775 1000
776 1000
777 1000
778 1000
779 1000
780 1000
781 1000
782 1000
783 1000
784 1000
785 1000
786 1000
787 1000
788 1000
789 1000
790 1000
791 1000
792 1000
793 1000
794 1000
795 1000
796 1000
797 1000
798 1000
799 1000
800 1000
801 1000
802 1000
803 1000
804 1000
805 1000
806 1000
807 1000
808 1000
809 1000
810 1000
811 1000
812 1000
813 1000
814 1000
815 1000
816 1000
817 1000
818 1000
819 1000
820 1000
821 1000
822 1000
823 1000
824 1000
825 1000
826 1000
827 1000
828 1000
829 1000
830 1000
831 1000
832 1000
833 1000
834 1000
835 1000
836 1000
837 1000
838 1000
839 1000
840 1000
841 1000
842 1000
843 1000
844 1000
845 1000
846 1000
847 1000
848 1000
849 1000
850 1000
851 1000
852 1000
853 1000
854 1000
855 1000
856 1000
857 1000
858 1000
859 1000
860 1000
861 1000
862 1000
863 1000
864 1000
865 1000
866 1000
867 1000
868 1000
869 1000
870 1000
871 1000
872 1000
873 1000
874 1000
875 1000
876 1000
877 1000
878 1000
879 1000
880 1000
881 1000
882 1000
883 1000
884 1000
885 1000
886 1000
887 1000
888 1000
889 1000
890 1000
891 1000
892 1000
893 1000
894 1000
895 1000
896 1000
897 1000
898 1000
899 1000
900 1000
901 1000
902 1000
903 1000
904 1000
905 1000
906 1000
907 1000
908 1000
909 1000
910 1000
911 1000
912 1000
913 1000
914 1000
915 1000
916 1000
917 1000
918 1000
919 1000
920 1000
921 1000
922 1000
923 1000
924 1000
925 1000
926 1000
927 1000
928 1000
929 1000
930 1000
931 1000
932 1000
933 1000
934 1000
935 1000
936 1000
937 1000
938 1000
939 1000
940 1000
941 1000
942 1000
943 1000
944 1000
945 1000
946 1000
947 1000
948 1000
949 1000
950 1000
951 1000
952 1000
953 1000
954 1000
955 1000
956 1000
957 1000
958 1000
959 1000
960 1000
961 1000
962 1000
963 1000
964 1000
965 1000
966 1000
967 1000
968 1000
969 1000
970 1000
971 1000
972 1000
973 1000
974 1000
975 1000
976 1000
977 1000
978 1000
979 1000
980 1000
981 1000
982 1000
983 1000
984 1000
985 1000
986 1000
987 1000
988 1000
989 1000
990 1000
991 1000
992 1000
993 1000
994 1000
995 1000
996 1000
997 1000
998 1000
999 1000
999 1000
1 1000
2 1000
3 1000
4 1000
5 1000
6 1000
7 1000
8 1000
9 1000
10 1000
11 1000
12 1000
13 1000
14 1000
15 1000
16 1000
17 1000
18 1000
19 1000
20 1000
21 1000
22 1000
23 1000
24 1000
25 1000
26 1000
27 1000
28 1000
29 1000
30 1000
31 1000
32 1000
33 1000
34 1000
35 1000
36 1000
37 1000
38 1000
39 1000
40 1000
41 1000
42 1000
43 1000
44 1000
45 1000
46 1000
47 1000
48 1000
49 1000
50 1000
51 1000
52 1000
53 1000
54 1000
55 1000
56 1000
57 1000
58 1000
59 1000
60 1000
61 1000
62 1000
63 1000
64 1000
65 1000
66 1000
67 1000
68 1000
69 1000
70 1000
71 1000
72 1000
73 1000
74 1000
75 1000
76 1000
77 1000
78 1000
79 1000
80 1000
81 1000
82 1000
83 1000
84 1000
85 1000
86 1000
87 1000
88 1000
89 1000
90 1000
91 1000
92 1000
93 1000
94 1000
95 1000
96 1000
97 1000
98 1000
99 1000
100 1000
101 1000
102 1000
103 1000
104 1000
105 1000
106 1000
107 1000
108 1000
109 1000
110 1000
111 1000
112 1000
113 1000
114 1000
115 1000
116 1000
117 1000
118 1000
119 1000
120 1000
121 1000
122 1000
123 1000
124 1000
125 1000
126 1000
127 1000
128 1000
129 1000
130 1000
131 1000
132 1000
133 1000
134 1000
135 1000
136 1000
137 1000
138 1000
139 1000
140 1000
141 1000
142 1000
143 1000
144 1000
145 1000
146 1000
147 1000
148 1000
149 1000
150 1000
151 1000
152 1000
153 1000
154 1000
155 1000
156 1000
157 1000
158 1000
159 1000
160 1000
161 1000
162 1000
163 1000
164 1000
165 1000
166 1000
167 1000
168 1000
169 1000
170 1000
171 1000
172 1000
173 1000
174 1000
175 1000
176 1000
177 1000
178 1000
179 1000
180 1000
181 1000
182 1000
183 1000
184 1000
185 1000
186 1000
187 1000
188 1000
189 1000
190 1000
191 1000
192 1000
193 1000
194 1000
195 1000
196 1000
197 1000
198 1000
199 1000
200 1000
201 1000
202 1000
203 1000
204 1000
205 1000
206 1000
207 1000
208 1000
209 1000
210 1000
211 1000
212 1000
213 1000
214 1000
215 1000
216 1000
217 1000
218 1000
219 1000
220 1000
221 1000
222 1000
223 1000
224 1000
225 1000
226 1000
227 1000
228 1000
229 1000
230 1000
231 1000
232 1000
233 1000
234 1000
235 1000
236 1000
237 1000
238 1000
239 1000
240 1000
241 1000
242 1000
243 1000
244 1000
245 1000
246 1000
247 1000
248 1000
249 1000
250 1000
251 1000
252 1000
253 1000
254 1000
255 1000
256 1000
257 1000
258 1000
259 1000
260 1000
261 1000
262 1000
263 1000
264 1000
265 1000
266 1000
267 1000
268 1000
269 1000
270 1000
271 1000
272 1000
273 1000
274 1000
275 1000
276 1000
277 1000
278 1000
279 1000
280 1000
281 1000
282 1000
283 1000
284 1000
285 1000
286 1000
287 1000
288 1000
289 1000
290 1000
291 1000
292 1000
293 1000
294 1000
295 1000
296 1000
297 1000
298 1000
299 1000
300 1000
301 1000
302 1000
303 1000
304 1000
305 1000
306 1000
307 1000
308 1000
309 1000
310 1000
311 1000
312 1000
313 1000
314 1000
315 1000
316 1000
317 1000
318 1000
319 1000
320 1000
321 1000
322 1000
323 1000
324 1000
325 1000
326 1000
327 1000
328 1000
329 1000
330 1000
331 1000
332 1000
333 1000
334 1000
335 1000
336 1000
337 1000
338 1000
339 1000
340 1000
341 1000
342 1000
343 1000
344 1000
345 1000
346 1000
347 1000
348 1000
349 1000
350 1000
351 1000
352 1000
353 1000
354 1000
355 1000
356 1000
357 1000
358 1000
359 1000
360 1000
361 1000
362 1000
363 1000
364 1000
365 1000
366 1000
367 1000
368 1000
369 1000
370 1000
371 1000
372 1000
373 1000
374 1000
375 1000
376 1000
377 1000
378 1000
379 1000
380 1000
381 1000
382 1000
383 1000
384 1000
385 1000
386 1000
387 1000
388 1000
389 1000
390 1000
391 1000
392 1000
393 1000
394 1000
395 1000
396 1000
397 1000
398 1000
399 1000
400 1000
401 1000
402 1000
403 1000
404 1000
405 1000
406 1000
407 1000
408 1000
409 1000
410 1000
411 1000
412 1000
413 1000
414 1000
415 1000
416 1000
417 1000
418 1000
419 1000
420 1000
421 1000
422 1000
423 1000
424 1000
425 1000
426 1000
427 1000
428 1000
429 1000
430 1000
431 1000
432 1000
433 1000
434 1000
435 1000
436 1000
437 1000
438 1000
439 1000
440 1000
441 1000
442 1000
443 1000
444 1000
445 1000
446 1000
447 1000
448 1000
449 1000
450 1000
451 1000
452 1000
453 1000
454 1000
455 1000
456 1000
457 1000
458 1000
459 1000
460 1000
461 1000
462 1000
463 1000
464 1000
465 1000
466 1000
467 1000
468 1000
469 1000
470 1000
471 1000
472 1000
473 1000
474 1000
475 1000
476 1000
477 1000
478 1000
479 1000
480 1000
481 1000
482 1000
483 1000
484 1000
485 1000
486 1000
487 1000
488 1000
489 1000
490 1000
491 1000
492 1000
493 1000
494 1000
495 1000
496 1000
497 1000
498 1000
499 1000
500 1000
501 1000
502 1000
503 1000
504 1000
505 1000
506 1000
507 1000
508 1000
509 1000
510 1000
511 1000
512 1000
513 1000
514 1000
515 1000
516 1000
517 1000
518 1000
519 1000
520 1000
521 1000
522 1000
523 1000
524 1000
525 1000
526 1000
527 1000
528 1000
529 1000
530 1000
531 1000
532 1000
533 1000
534 1000
535 1000
536 1000
537 1000
538 1000
539 1000
540 1000
541 1000
542 1000
543 1000
544 1000
545 1000
546 1000
547 1000
548 1000
549 1000
550 1000
551 1000
552 1000
553 1000
554 1000
555 1000
556 1000
557 1000
558 1000
559 1000
560 1000
561 1000
562 1000
563 1000
564 1000
565 1000
566 1000
567 1000
568 1000
569 1000
570 1000
571 1000
572 1000
573 1000
574 1000
575 1000
576 1000
577 1000
578 1000
579 1000
580 1000
581 1000
582 1000
583 1000
584 1000
585 1000
586 1000
587 1000
588 1000
589 1000
590 1000
591 1000
592 1000
593 1000
594 1000
595 1000
596 1000
597 1000
598 1000
599 1000
600 1000
601 1000
602 1000
603 1000
604 1000
605 1000
606 1000
607 1000
608 1000
609 1000
610 1000
611 1000
612 1000
613 1000
614 1000
615 1000
616 1000
617 1000
618 1000
619 1000
620 1000
621 1000
622 1000
623 1000
624 1000
625 1000
626 1000
627 1000
628 1000
629 1000
630 1000
631 1000
632 1000
633 1000
634 1000
635 1000
636 1000
637 1000
638 1000
639 1000
640 1000
641 1000
642 1000
643 1000
644 1000
645 1000
646 1000
647 1000
648 1000
649 1000
650 1000
651 1000
652 1000
653 1000
654 1000
655 1000
656 1000
657 1000
658 1000
659 1000
660 1000
661 1000
662 1000
663 1000
664 1000
665 1000
666 1000
667 1000
668 1000
669 1000
670 1000
671 1000
672 1000
673 1000
674 1000
675 1000
676 1000
677 1000
678 1000
679 1000
680 1000
681 1000
682 1000
683 1000
684 1000
685 1000
686 1000
687 1000
688 1000
689 1000
690 1000
691 1000
692 1000
693 1000
694 1000
695 1000
696 1000
697 1000
698 1000
699 1000
700 1000
701 1000
702 1000
703 1000
704 1000
705 1000
706 1000
707 1000
708 1000
709 1000
710 1000
711 1000
712 1000
713 1000
714 1000
715 1000
716 1000
717 1000
718 1000
719 1000
720 1000
721 1000
722 1000
723 1000
724 1000
725 1000
726 1000
727 1000
728 1000
729 1000
730 1000
731 1000
732 1000
733 1000
734 1000
735 1000
736 1000
737 1000
738 1000
739 1000
740 1000
741 1000
742 1000
743 1000
744 1000
745 1000
746 1000
747 1000
748 1000
749 1000
750 1000
751 1000
752 1000
753 1000
754 1000
755 1000
756 1000
757 1000
758 1000
759 1000
760 1000
761 1000
762 1000
763 1000
764 1000
765 1000
766 1000
767 1000
768 1000
769 1000
770 1000
771 1000
772 1000
773 1000
774 1000
775 1000
776 1000
777 1000
778 1000
779 1000
780 1000
781 1000
782 1000
783 1000
784 1000
785 1000
786 1000
787 1000
788 1000
789 1000
790 1000
791 1000
792 1000
793 1000
794 1000
795 1000
796 1000
797 1000
798 1000
799 1000
800 1000
801 1000
802 1000
803 1000
804 1000
805 1000
806 1000
807 1000
808 1000
809 1000
810 1000
811 1000
812 1000
813 1000
814 1000
815 1000
816 1000
817 1000
818 1000
819 1000
820 1000
821 1000
822 1000
823 1000
824 1000
825 1000
826 1000
827 1000
828 1000
829 1000
830 1000
831 1000
832 1000
833 1000
834 1000
835 1000
836 1000
837 1000
838 1000
839 1000
840 1000
841 1000
842 1000
843 1000
844 1000
845 1000
846 1000
847 1000
848 1000
849 1000
850 1000
851 1000
852 1000
853 1000
854 1000
855 1000
856 1000
857 1000
858 1000
859 1000
860 1000
861 1000
862 1000
863 1000
864 1000
865 1000
866 1000
867 1000
868 1000
869 1000
870 1000
871 1000
872 1000
873 1000
874 1000
875 1000
876 1000
877 1000
878 1000
879 1000
880 1000
881 1000
882 1000
883 1000
884 1000
885 1000
886 1000
887 1000
888 1000
889 1000
890 1000
891 1000
892 1000
893 1000
894 1000
895 1000
896 1000
897 1000
898 1000
899 1000
900 1000
901 1000
902 1000
903 1000
904 1000
905 1000
906 1000
907 1000
908 1000
909 1000
910 1000
911 1000
912 1000
913 1000
914 1000
915 1000
916 1000
917 1000
918 1000
919 1000
920 1000
921 1000
922 1000
923 1000
924 1000
925 1000
926 1000
927 1000
928 1000
929 1000
930 1000
931 1000
932 1000
933 1000
934 1000
935 1000
936 1000
937 1000
938 1000
939 1000
940 1000
941 1000
942 1000
943 1000
944 1000
945 1000
946 1000
947 1000
948 1000
949 1000
950 1000
951 1000
952 1000
953 1000
954 1000
955 1000
956 1000
957 1000
958 1000
959 1000
960 1000
961 1000
962 1000
963 1000
964 1000
965 1000
966 1000
967 1000
968 1000
969 1000
970 1000
971 1000
972 1000
973 1000
974 1000
975 1000
976 1000
977 1000
978 1000
979 1000
980 1000
981 1000
982 1000
983 1000
984 1000
985 1000
986 1000
987 1000
988 1000
989 1000
990 1000
991 1000
992 1000
993 1000
994 1000
995 1000
996 1000
997 1000
998 1000
100 100
1 34
2 140
1 205
3 178
2 174
1 222
4 225
1 271
7 78
4 298
2 287
7 162
8 156
2 256
5 132
5 51
12 142
17 167
11 208
12 8
19 158
12 154
11 246
6 110
9 222
25 123
26 207
11 214
24 1
12 163
13 11
24 25
12 249
24 296
17 3
15 92
16 75
1 97
37 49
40 169
8 182
31 54
22 19
43 1
9 128
8 129
42 49
20 108
21 211
18 14
29 210
25 36
15 201
12 20
42 299
8 225
8 145
14 290
17 196
26 94
9 224
38 215
54 249
49 259
54 181
63 99
6 90
59 110
41 73
33 239
10 39
60 191
20 159
50 16
14 257
36 3
17 273
10 229
53 263
7 276
3 170
53 145
6 282
79 123
37 122
24 258
28 293
14 276
33 201
81 4
25 162
61 202
25 256
68 203
41 183
14 89
96 118
42 233
45 270
200 100
1 222
2 177
1 269
1 126
1 135
2 242
7 146
5 119
1 240
4 80
4 188
2 50
5 67
14 194
6 298
1 87
7 189
11 156
9 115
2 117
8 87
10 114
22 286
14 13
9 33
16 114
1 122
15 247
27 182
5 97
11 230
18 136
24 74
29 45
30 193
16 154
8 55
23 246
19 287
34 275
20 69
33 188
16 259
44 3
26 78
45 15
22 235
3 73
21 134
21 288
44 19
14 74
47 264
23 93
16 103
25 114
47 3
40 228
30 44
5 224
22 162
46 104
28 106
10 226
32 93
11 123
65 165
13 288
12 214
35 171
61 236
18 212
65 297
6 86
26 141
15 296
65 120
20 177
49 159
63 272
30 179
44 152
4 119
73 120
33 101
28 161
13 11
6 71
24 277
78 44
9 265
50 83
68 166
10 178
35 226
92 230
16 224
3 3
14 124
97 138
31 296
90 65
21 203
5 231
62 212
32 112
82 154
29 91
101 189
94 141
95 63
54 1
86 59
23 266
13 78
41 259
5 204
17 158
64 178
69 114
5 2
37 61
43 94
105 206
41 212
103 236
99 73
39 224
38 157
77 127
57 127
26 238
130 170
16 297
63 218
49 118
65 186
30 124
83 230
86 260
50 97
36 54
89 285
71 55
8 158
62 33
24 208
116 12
14 168
49 176
104 124
103 55
86 242
2 160
1 222
87 127
64 206
26 151
68 80
142 194
16 138
129 157
38 277
122 63
154 282
135 14
109 56
160 243
140 12
108 25
18 253
40 97
45 141
92 276
123 219
83 118
65 213
80 270
25 241
29 186
86 298
42 191
140 154
179 52
101 145
99 36
158 93
86 65
86 4
30 76
172 193
46 150
28 62
6 168
97 30
77 214
19 202
138 116
127 114
1000 200
1 825
2 393
1 671
1 28
5 76
1 499
2 288
8 605
9 222
4 707
10 11
8 490
2 165
7 620
4 592
1 819
2 751
6 976
1 304
3 99
13 585
9 972
17 914
12 546
13 547
11 770
8 520
14 290
24 866
1 246
27 319
31 602
10 133
27 153
28 571
28 902
10 424
32 601
21 16
6 29
19 348
31 944
39 410
20 50
2 589
27 609
7 222
31 955
15 147
41 950
43 431
37 749
38 537
48 36
52 186
39 854
37 225
31 924
56 258
47 945
11 319
53 412
47 356
26 550
7 585
12 965
27 76
30 143
9 949
13 427
52 174
22 405
63 627
65 376
19 566
1 737
36 815
67 257
17 937
39 483
60 16
66 231
80 626
80 638
22 691
17 663
59 894
58 417
14 9
63 234
86 304
75 304
28 149
33 318
34 110
29 201
32 319
3 51
99 362
65 904
41 644
84 903
60 490
93 283
4 675
101 403
76 832
38 879
95 9
70 972
34 946
38 505
76 686
6 699
70 723
23 38
93 462
99 509
85 960
14 516
102 938
78 59
64 972
101 118
91 556
4 331
119 213
105 83
20 86
41 485
16 381
116 952
25 116
72 111
114 74
109 978
49 957
124 114
1 942
111 724
73 29
51 779
51 72
14 975
57 334
92 154
37 169
106 677
134 651
49 310
13 687
137 117
10 668
143 680
115 422
138 827
66 517
77 667
150 682
125 341
52 22
161 722
34 310
80 903
9 125
38 746
33 424
148 807
101 319
163 908
26 482
153 137
162 115
14 85
107 291
174 997
125 55
70 709
70 492
33 132
69 440
133 723
59 996
133 270
80 239
12 919
21 660
163 487
29 463
34 159
181 147
153 38
66 648
165 603
193 99
195 293
23 279
10 353
151 883
141 316
154 763
74 337
128 419
110 829
117 817
129 450
159 659
22 521
73 561
28 163
179 676
157 362
18 399
35 715
72 189
130 639
105 76
100 522
38 616
69 235
195 906
141 558
196 162
61 550
145 331
58 351
33 926
195 738
78 338
129 394
14 715
93 592
145 136
166 338
135 338
28 665
17 609
105 282
155 153
134 653
1 877
111 397
40 250
1 175
200 944
140 942
36 420
110 806
116 217
201 616
100 65
95 894
136 510
75 696
139 590
106 173
236 359
232 269
2 511
23 775
167 911
235 183
144 496
221 875
40 903
60 461
208 973
22 123
262 578
70 606
115 595
63 344
209 482
191 673
65 429
117 763
151 409
246 909
205 760
115 205
263 320
113 946
205 167
241 368
23 788
219 557
266 448
126 284
213 332
57 584
177 724
171 19
127 221
242 183
257 491
46 325
250 678
176 644
60 678
169 69
19 197
234 829
153 427
64 698
228 704
12 409
20 509
102 239
136 444
234 502
143 129
240 651
293 193
199 870
52 466
44 714
140 635
33 973
182 902
283 178
75 771
59 365
90 591
76 238
224 180
296 170
39 43
151 183
202 927
248 671
91 652
267 214
204 784
245 743
236 473
73 435
113 719
124 868
119 939
182 258
245 615
131 459
261 64
77 808
269 490
60 366
152 587
343 834
334 331
149 929
9 434
257 767
324 811
272 838
238 983
209 353
303 245
315 609
278 648
153 536
350 265
240 244
62 16
270 190
41 813
271 524
34 475
298 892
264 855
1 698
97 781
259 932
94 341
24 900
26 484
275 493
162 253
64 561
296 841
338 786
242 541
88 792
371 211
110 579
30 972
14 74
70 621
158 827
157 791
343 579
212 419
226 160
306 925
11 381
149 968
309 478
242 371
370 197
105 723
212 20
291 57
27 164
161 717
137 453
312 955
318 863
222 461
216 905
146 137
171 199
318 388
37 241
214 7
391 242
208 250
196 759
13 622
376 297
280 679
99 580
220 578
91 8
42 82
28 679
27 754
26 785
194 94
341 173
90 930
205 169
315 192
358 923
254 652
137 145
352 578
358 630
201 875
24 470
85 147
334 92
114 950
338 641
359 237
116 488
77 163
8 184
349 181
418 66
126 514
262 579
333 879
129 612
238 446
171 976
295 751
222 334
156 215
337 8
352 897
268 523
273 811
86 232
336 706
448 322
29 352
342 209
307 277
20 190
407 667
27 456
145 615
141 254
426 349
180 862
107 83
80 198
165 753
48 297
416 22
456 948
189 319
460 377
326 860
315 75
39 923
430 644
156 154
57 748
319 927
199 451
72 962
424 856
235 717
200 562
476 474
3 551
1 182
304 700
147 644
466 173
25 982
105 477
358 248
179 672
221 373
179 990
195 166
192 659
96 207
59 949
163 172
247 397
282 21
51 530
369 110
441 970
27 618
390 627
52 169
227 929
115 119
379 200
280 487
336 421
236 272
34 416
289 319
413 332
391 388
195 187
171 361
272 75
315 153
368 269
414 886
338 312
421 678
407 769
456 414
141 543
226 39
251 356
258 648
462 94
235 988
388 494
13 502
495 448
294 754
105 85
362 526
414 965
215 873
351 657
14 594
393 81
387 412
322 969
457 217
320 769
211 532
8 780
396 260
146 937
401 366
555 721
187 681
457 456
36 72
299 560
21 603
101 906
127 376
325 886
113 81
109 798
45 509
255 341
497 59
174 741
413 475
330 98
136 336
561 401
123 956
157 142
109 482
117 316
549 226
420 13
407 456
411 44
150 22
103 513
324 19
549 718
163 651
135 336
181 170
296 304
404 980
120 106
69 662
226 653
284 34
518 988
366 254
20 421
590 719
45 64
509 653
505 770
434 6
172 595
578 327
197 324
371 680
507 589
570 272
586 222
526 184
576 956
618 780
15 263
136 488
279 34
208 936
312 994
324 963
66 2
176 808
552 670
603 672
190 999
371 598
227 839
194 373
270 29
510 802
4 491
554 602
474 198
545 772
400 302
434 722
336 422
154 611
496 742
96 813
552 16
244 394
263 280
293 609
229 823
613 246
27 145
610 340
125 605
11 226
279 725
254 331
606 224
42 131
255 988
186 806
625 751
480 339
588 136
649 210
191 225
567 738
283 921
453 294
486 735
112 57
567 185
306 383
560 742
557 685
540 280
578 668
147 126
214 738
245 120
28 738
372 557
125 61
574 794
677 137
441 876
380 185
395 720
457 477
200 352
685 291
7 73
107 190
432 491
444 894
254 64
167 904
330 177
202 696
508 469
604 84
342 516
49 994
251 723
442 829
512 400
447 892
312 944
593 244
210 703
128 503
82 688
460 892
226 414
616 817
11 163
284 127
639 878
538 261
402 706
100 664
395 196
30 361
215 589
522 246
708 426
552 190
295 64
291 503
258 100
34 227
292 49
416 571
519 459
103 457
526 532
323 820
556 557
102 496
605 592
729 389
266 451
368 273
360 384
397 776
643 570
277 955
47 586
752 334
140 491
289 751
602 723
48 612
41 339
390 259
48 353
527 480
157 684
679 3
289 423
66 136
391 362
636 195
660 189
185 43
558 942
306 470
134 381
221 965
169 62
586 74
345 463
70 103
178 155
414 553
95 150
607 245
679 50
25 66
492 553
514 471
650 748
429 870
215 499
3 353
400 54
388 523
201 564
459 851
349 241
447 493
80 581
335 617
351 179
427 616
749 799
140 636
16 884
57 903
123 421
451 23
408 842
582 889
686 718
275 699
738 750
66 390
437 620
635 4
641 29
702 590
305 631
382 865
682 296
40 682
451 611
727 72
577 460
69 841
442 38
794 631
451 994
665 204
74 291
596 308
248 152
142 891
78 641
382 567
714 662
115 246
323 652
123 602
81 210
659 284
691 59
12 176
270 788
743 288
148 505
475 139
549 531
768 119
206 541
151 460
573 399
357 99
156 482
760 568
560 597
352 747
267 671
828 477
106 918
51 761
593 759
797 256
620 727
676 35
664 394
274 274
607 194
796 138
612 691
404 695
309 628
531 990
425 880
299 150
342 670
251 599
46 437
44 124
566 732
575 862
35 386
181 817
810 705
728 954
253 224
100 793
518 49
538 931
620 815
89 428
604 605
799 475
60 507
694 590
25 810
885 448
41 819
395 976
27 90
706 67
313 841
858 677
140 642
188 652
318 188
174 86
741 251
547 756
486 129
51 278
833 425
833 873
833 886
734 647
782 479
819 926
198 261
461 779
314 856
683 928
854 135
543 676
429 335
696 738
71 975
191 357
146 81
739 146
579 826
139 574
63 38
344 906
639 718
296 540
28 947
404 232
716 840
560 830
770 395
298 646
173 676
220 73
586 481
866 898
711 609
304 278
450 135
455 79
371 170
808 479
840 139
653 427
192 678
610 725
224 701
322 863
707 449
214 685
67 138
877 994
165 945
469 822
325 644
335 678
120 858
847 892
149 624
147 73
506 842
840 616
897 958
572 701
817 94
890 830
761 228
99 225
565 275
548 886
369 171
10 630
185 910
164 924
572 401
416 194
474 413
6 768
618 678
954 705
959 835
13 622
266 735
416 543
143 87
243 622
605 598
482 255
786 109
964 494
121 367
112 439
