20 10 90001 100000
90000010 100000
20 1
30 2
100000 1000
10000 100
40000 200
100000 1000
10000 100
10000 200
100000 3000
10000 100
20000 200
0 5000
0 20
0 100000
8800000 80000
123450 333
234560 666
9000000 100000
1230 10
0
20 10 70001 79999
90000010 100000
20 1
30 2
100000 1000
10000 100
40000 200
100000 1000
10000 100
10000 200
100000 3000
10000 100
20000 200
0 5000
0 20
0 100000
8800000 80000
123450 333
234560 666
9000000 100000
1230 10
0
20 1 80001 90000
90000010 100000
20 1
30 2
100000 1000
10000 100
40000 200
100000 1000
10000 100
10000 200
100000 3000
10000 100
20000 200
0 5000
0 20
0 100000
8800000 80000
123450 333
234560 666
9000000 100000
1230 10
0
20 1 5999 6000
90000010 100000
20 1
30 2
100000 1000
10000 100
40000 200
100000 1000
10000 100
10000 200
100000 3000
10000 100
20000 200
0 5000
0 20
0 100000
8800000 80000
123450 333
234560 666
9000000 100000
1230 10
0
20 3 1 200000
90000010 100000
20 1
30 2
100000 1000
10000 100
40000 200
100000 1000
10000 100
10000 200
100000 3000
10000 100
20000 200
0 5000
0 20
0 100000
8800000 80000
123450 333
234560 666
9000000 100000
1230 10
0
20 6 5000 10000
90000010 100000
20 1
30 2
100000 1000
10000 100
40000 200
100000 1000
10000 100
10000 200
100000 3000
10000 100
20000 200
0 5000
0 20
0 100000
8800000 80000
123450 333
234560 666
9000000 100000
1230 10
0
20 1 20 35
90000010 100000
20 1
30 2
100000 1000
10000 100
40000 200
100000 1000
10000 100
10000 200
100000 3000
10000 100
20000 200
0 5000
0 20
0 100000
8800000 80000
123450 333
234560 666
9000000 100000
1230 10
0
16 1 1 1000
1 1
2 1
3 1
4 1
5 1
6 1
7 1
8 1
9 1
10 1
11 1
12 1
13 1
14 1
15 1
16 1
-1
