6
4
1 2 3
10 20 30
5
1 1 1 2
20 20 30 30
2
1
68
10
1 1 3 1 4 1 6 1 9
46 82 28 62 92 96 43 28 37
1000
1 1 3 2 3 5 6 5 9 6 3 7 4 3 10 9 15 2 12 15 18 8 20 22 24 11 22 12 8 29 4 29 26 16 18 8 29 14 35 19 17 12 3 39 19 23 17 15 8 49 9 42 44 34 6 7 16 14 27 9 49 38 19 51 37 27 9 33 63 59 47 40 26 2 63 31 26 55 20 62 55 38 75 7 10 41 58 19 79 67 17 42 48 85 1 70 6 90 49 13 50 31 98 21 96 70 9 23 108 63 45 31 105 65 52 67 103 102 39 58 91 88 79 92 71 90 79 31 99 129 4 131 109 33 79 65 79 24 137 116 68 112 26 90 89 60 107 46 27 51 24 133 42 87 102 154 31 132 112 5 71 37 54 32 19 51 54 93 45 128 138 102 83 38 133 134 151 32 81 155 11 155 87 156 66 42 64 161 119 94 113 65 55 18 170 167 44 92 109 144 173 174 83 120 69 69 4 171 99 57 29 18 207 41 60 158 75 79 143 193 72 204 128 90 84 90 67 89 150 12 33 83 41 166 119 227 56 127 234 114 227 57 31 197 77 19 196 52 62 200 44 1 63 6 231 217 31 189 25 90 114 17 252 22 151 198 197 134 242 26 260 147 226 194 208 21 15 209 54 110 26 28 105 9 51 260 278 134 217 233 173 249 37 226 210 288 242 71 243 230 276 224 172 182 194 246 228 89 168 296 231 59 249 301 160 10 251 2 45 104 141 206 178 290 263 51 198 282 37 37 187 303 4 261 147 113 281 281 11 122 80 273 198 147 315 208 268 340 153 75 181 295 157 118 52 126 191 99 15 339 16 132 172 112 348 332 54 367 90 295 26 207 128 338 209 247 325 326 318 198 248 183 232 365 253 90 7 333 39 218 111 180 267 262 359 341 305 123 294 182 127 97 177 122 46 40 353 143 45 127 324 73 190 81 4 191 93 329 236 174 346 19 285 4 61 197 141 427 122 125 5 398 164 429 39 143 329 129 289 154 38 291 133 49 205 407 119 168 80 127 442 238 8 340 22 132 162 317 280 50 46 455 397 240 283 29 291 356 2 439 461 201 281 269 124 321 399 356 137 366 303 67 407 373 181 401 279 28 55 68 41 365 211 105 489 436 468 434 200 330 340 144 348 443 286 358 324 185 100 320 260 473 377 269 298 465 434 384 80 491 394 505 442 137 506 229 19 193 140 27 232 91 169 68 227 169 16 212 442 398 124 508 521 530 362 465 80 249 91 547 15 306 92 308 365 118 433 5 496 176 273 103 207 407 440 559 479 170 342 114 324 196 339 156 293 385 60 223 487 103 515 110 5 320 400 246 287 231 449 75 431 408 131 173 265 54 254 177 440 135 148 188 529 338 308 247 100 301 407 172 304 376 270 411 552 78 64 543 515 464 352 234 73 578 251 41 279 611 389 443 349 360 510 374 356 413 21 589 328 30 351 380 64 639 592 255 47 243 336 310 126 434 451 410 339 550 124 211 297 58 364 429 368 420 483 238 117 513 385 365 472 30 26 596 114 333 99 178 307 120 628 513 25 665 486 265 385 203 87 388 128 504 432 456 147 276 647 534 229 41 248 271 590 498 542 351 4 29 42 356 710 116 304 713 364 508 679 7 96 585 563 246 579 477 147 529 316 703 501 116 512 573 667 191 461 485 313 565 734 204 385 729 405 536 261 670 22 648 193 528 336 650 462 288 29 376 367 573 667 478 341 556 472 98 59 619 609 573 459 219 657 45 233 691 200 428 452 725 749 548 632 452 27 83 271 751 410 414 179 739 149 192 538 153 175 628 206 9 643 226 331 526 66 653 70 650 211 719 795 94 734 341 811 653 52 735 30 708 464 146 102 221 447 430 66 343 678 162 142 185 778 829 613 815 443 520 91 294 612 202 329 328 604 811 256 805 581 435 706 154 142 673 361 431 4 319 21 333 534 497 149 781 236 758 295 647 590 249 463 329 534 612 807 407 529 173 703 570 839 42 298 253 400 394 585 449 81 708 276 680 315 636 256 270 702 436 418 802 434 693 250 58 378 166 53 503 898 55 556 775 666 842 308 96 601 538 179 412 59 901 157 449 350 508 506 408 718 256 485 459 153 91 225 163 175 439 885 738 599 902 237 738 137 411 394 789 303 121 538 190 437 489 553 527 769 332 29 277 804 481 267 924 789 108 719 650 45 744 192 456 938 78 434 651 385 790 779 741 327 490 181 547 139 977 857 518 931 889 594 7 919 320 871 85 346 707 40 685 736
65 10 16 3 74 25 42 46 63 24 32 7 69 19 3 8 8 82 13 37 31 15 10 85 57 91 94 97 53 55 46 9 49 92 13 32 15 40 59 23 5 96 53 70 80 39 24 19 67 60 99 87 97 63 34 59 23 47 93 38 26 48 59 3 8 99 31 93 1 79 100 53 49 83 41 16 76 63 68 37 98 19 98 29 52 17 31 50 26 59 30 21 41 61 48 63 56 76 93 62 55 99 47 15 47 89 70 39 64 76 16 22 76 16 29 35 71 6 65 58 63 62 25 50 70 31 24 51 34 26 11 38 37 38 79 94 37 15 65 92 50 36 6 38 5 38 24 65 71 9 69 82 86 53 74 53 95 77 27 97 73 50 41 75 20 44 12 42 90 20 66 6 86 17 51 16 10 65 67 94 75 10 1 96 74 90 62 73 69 59 32 69 27 11 23 75 80 11 53 83 92 96 65 75 65 3 56 61 75 73 22 23 48 78 90 6 96 95 51 44 55 82 13 73 40 29 13 63 68 9 16 9 24 60 35 5 87 20 59 46 7 67 1 68 93 88 33 57 75 48 22 84 23 32 77 84 49 24 83 19 77 21 12 83 57 91 26 25 87 78 70 44 35 78 69 69 92 97 84 29 28 27 72 98 13 4 28 9 46 9 86 39 38 44 14 2 51 29 12 51 50 93 55 70 82 66 68 14 94 35 73 73 31 2 43 78 78 71 3 65 82 91 24 38 24 80 96 70 28 43 11 83 59 27 88 71 29 52 59 14 61 84 87 43 11 73 29 35 42 19 4 68 66 39 82 58 51 15 99 59 62 64 57 8 79 90 36 66 76 87 87 34 61 31 49 29 93 34 41 67 36 11 100 38 93 83 29 53 70 45 95 9 53 48 33 36 9 65 98 44 50 16 42 90 1 13 49 24 52 75 34 92 1 55 91 98 20 81 79 32 45 41 88 100 26 84 39 93 94 53 12 61 35 41 98 86 30 41 6 92 93 11 50 79 80 72 78 74 94 21 98 27 77 91 83 79 60 19 90 60 50 25 73 81 9 68 9 78 4 71 8 97 75 23 12 20 62 57 91 64 84 17 33 53 42 55 14 63 97 61 16 5 100 37 81 99 33 88 85 41 18 7 71 42 83 50 24 59 6 22 96 97 17 79 79 80 59 78 51 8 30 82 96 79 77 54 100 85 66 94 9 73 44 30 15 69 56 92 74 23 49 52 87 45 47 78 18 30 17 75 92 70 13 47 94 92 16 50 58 41 53 37 52 88 27 63 56 84 95 81 98 66 66 14 62 79 79 79 41 12 48 46 71 76 90 51 50 34 66 15 83 8 33 97 68 23 83 11 42 32 88 6 80 22 39 52 48 9 47 77 60 90 23 67 87 56 29 15 61 54 78 49 4 62 32 83 56 98 7 53 22 97 82 22 56 48 25 19 36 77 75 60 99 75 54 23 36 44 89 54 33 48 81 27 79 51 2 62 100 56 64 17 74 62 46 74 75 51 54 82 88 100 11 44 66 73 30 82 13 77 82 48 91 72 6 73 33 90 21 66 32 59 94 7 79 49 7 72 67 97 98 21 95 30 89 10 85 70 79 18 16 27 85 69 7 29 98 19 91 100 86 87 100 21 11 72 14 16 86 19 81 32 68 88 45 87 8 61 28 75 32 53 72 69 94 86 38 12 5 78 7 69 23 14 1 43 38 39 89 56 90 48 82 94 85 88 62 94 18 2 83 48 66 54 5 85 96 26 22 65 82 73 7 57 44 94 81 81 69 12 14 69 52 17 80 69 41 32 34 80 64 60 54 37 96 66 75 21 36 81 77 56 26 72 9 60 57 3 33 6 41 76 63 86 63 81 37 98 3 9 81 41 77 59 94 41 47 75 74 98 81 36 73 1 8 56 67 42 89 82 69 16 97 26 10 13 37 56 63 44 43 22 23 13 49 19 69 18 15 51 91 36 60 70 96 4 41 80 100 6 92 62 82 53 54 34 30 88 43 54 84 21 15 19 45 64 30 53 65 70 71 6 48 95 88 27 77 24 41 80 91 89 11 72 46 22 71 84 90 56 79 80 7 63 36 88 97 34 89 36 80 94 91 63 66 2 6 8 68 70 35 72 58 99 46 98 19 39 45 73 64 29 65 2 24 91 5 2 28 98 93 72 64 2 64 22 66 22 46 11 96 42 23 13 52 16 56 94 39 80 83 9 55 23 8 46 39 45 91 40 55 5 24 26 79 25 82 31 34
5000
1 1 1 3 3 4 4 1 9 10 4 4 4 12 5 15 3 1 5 15 1 5 13 16 10 20 7 27 7 26 18 8 10 3 10 36 33 6 37 37 18 11 10 33 35 16 22 28 26 46 47 10 49 31 47 45 56 50 4 55 58 7 2 26 37 14 10 59 27 22 49 20 28 58 44 14 47 74 71 46 39 30 36 8 84 67 30 56 57 82 55 3 6 57 34 6 53 61 12 24 78 49 30 70 78 16 66 86 6 97 19 110 108 1 47 23 59 86 91 91 34 37 62 34 81 15 124 115 75 77 117 99 102 40 31 84 94 96 124 43 92 106 44 98 110 58 28 124 100 52 61 125 126 96 87 46 71 101 108 136 92 80 37 9 67 78 49 100 15 80 117 164 147 42 26 3 29 145 55 19 147 74 80 158 131 60 76 126 139 142 130 175 38 108 54 36 186 155 82 103 122 3 56 65 118 4 133 121 31 153 40 168 185 63 173 38 72 104 24 66 182 168 24 175 37 74 98 145 74 44 152 166 29 20 63 215 190 161 94 45 36 83 9 12 198 238 193 220 25 12 97 35 126 246 68 80 41 144 19 149 259 159 120 127 86 100 148 24 67 88 246 229 69 15 41 269 207 210 109 58 74 253 225 147 41 37 81 58 121 217 80 122 74 129 129 20 167 66 224 33 35 76 186 251 219 272 161 53 91 263 272 168 89 309 72 163 300 102 129 277 40 36 45 94 63 96 68 267 163 73 97 198 299 291 198 166 148 172 77 58 162 318 79 68 202 170 202 203 195 216 297 297 266 82 304 59 209 188 176 342 74 14 295 336 95 92 304 29 162 242 247 206 81 129 85 343 73 359 190 16 195 55 35 62 107 248 7 63 280 259 363 388 159 218 171 209 261 310 336 266 326 392 214 236 269 99 5 25 243 224 135 212 387 60 415 125 102 393 152 129 91 254 152 404 245 204 406 198 126 90 298 148 433 361 242 75 209 316 281 394 388 253 387 117 189 399 397 268 171 70 401 76 336 201 423 32 234 66 410 296 46 77 459 115 375 182 240 41 67 435 78 27 21 134 142 233 163 143 307 436 263 103 264 298 428 158 145 455 444 67 337 66 28 309 23 111 84 80 380 333 325 373 108 226 419 258 83 438 212 456 339 190 5 465 53 6 319 316 359 337 184 122 123 403 200 227 331 16 341 336 286 259 227 29 199 425 150 157 204 143 95 21 535 304 47 540 147 4 291 9 443 438 77 26 221 373 119 101 210 334 237 561 437 159 229 526 31 446 220 262 514 79 115 73 454 84 367 226 161 224 516 42 312 286 206 344 100 127 190 316 94 337 313 4 309 425 557 360 223 459 3 211 427 120 213 14 394 337 406 206 130 182 229 418 396 217 150 568 82 433 126 606 616 593 228 531 550 277 324 494 170 503 144 523 245 633 444 205 534 206 556 555 48 566 383 262 592 504 294 135 54 447 40 428 622 374 141 187 114 179 274 243 373 545 653 65 243 278 46 198 416 533 310 341 414 433 665 81 254 25 677 511 538 529 244 61 48 360 515 181 463 479 603 502 119 419 184 268 48 647 47 258 308 109 22 180 184 645 153 203 357 173 59 205 54 271 471 114 122 272 167 200 657 78 363 98 328 236 514 231 540 384 678 703 662 286 487 605 662 311 712 733 739 229 389 267 5 513 62 624 259 580 216 417 533 178 171 668 93 388 497 166 405 125 386 498 298 368 194 266 685 312 349 512 708 191 476 26 266 375 270 567 430 62 490 479 574 601 596 361 428 75 593 138 211 42 796 758 461 587 449 620 43 178 311 267 477 405 728 497 480 153 91 398 219 52 450 649 564 741 739 170 10 321 648 19 63 560 562 238 498 343 392 526 482 235 724 358 496 461 716 691 535 587 277 312 173 32 266 313 677 736 740 402 684 758 362 362 219 533 242 491 220 508 665 823 480 345 861 561 769 361 583 851 713 230 763 272 471 872 309 664 281 196 487 751 115 498 401 391 815 34 532 247 701 546 555 316 736 854 880 444 825 656 325 475 70 852 841 193 676 742 379 30 76 35 20 320 721 886 530 707 905 200 216 889 429 178 477 54 655 77 349 115 586 921 492 246 670 607 903 722 772 481 829 123 726 376 229 228 345 512 514 775 571 365 585 921 692 594 55 28 410 173 106 703 451 198 147 350 762 709 830 814 172 241 735 298 253 311 805 838 252 241 118 471 923 951 112 908 951 587 568 964 626 884 288 670 523 558 316 83 961 64 199 582 725 526 323 732 954 975 782 105 483 2 399 660 419 33 873 820 933 614 697 165 553 489 665 977 815 265 952 652 946 458 71 431 708 48 783 691 362 98 742 86 412 801 1028 646 947 706 622 398 1049 649 200 294 542 1056 67 828 603 799 218 928 344 205 522 121 555 127 17 1007 186 291 447 814 301 504 627 764 955 944 1022 895 793 286 27 612 57 321 607 369 701 560 495 865 584 332 429 119 393 259 105 977 433 1066 598 323 597 589 681 594 1050 194 845 489 29 971 279 570 941 496 833 1029 776 76 522 971 324 483 409 524 329 212 442 1105 333 1079 237 222 56 610 1089 205 585 872 186 667 774 1082 166 1095 16 173 567 557 474 164 705 843 1136 754 1014 755 1074 1146 652 1042 861 31 196 255 681 734 369 744 1105 194 1100 45 1087 178 511 834 294 765 268 195 1151 774 349 372 108 709 1183 91 590 1102 297 1020 1019 1168 608 1108 1102 105 427 366 108 332 1044 1016 590 635 1126 234 531 742 36 483 1136 1011 292 958 54 756 766 655 301 614 844 885 925 1111 209 1200 943 1227 421 444 653 822 441 70 850 253 204 1154 521 41 776 210 1064 244 905 198 1107 847 627 92 24 699 61 462 150 757 508 678 603 708 719 245 197 248 875 132 933 416 739 1208 645 991 19 470 840 879 961 863 1213 446 763 471 216 998 1261 1056 902 704 886 182 8 20 726 266 893 1122 754 931 714 972 1110 99 309 1170 1133 634 1306 734 72 1250 466 197 104 141 197 317 1194 15 997 378 40 866 1322 827 18 1229 866 152 67 302 1271 553 969 1268 1058 672 1106 617 314 159 858 480 67 1217 83 1140 1188 1338 1202 605 409 285 404 1083 669 1249 311 1131 680 479 15 610 1085 287 1346 814 739 455 172 66 884 12 153 481 42 488 1220 661 880 804 1273 99 748 795 536 1085 946 998 425 737 386 69 1084 541 1132 918 894 1138 1015 749 485 116 176 1324 1294 533 1123 571 1353 671 1379 595 125 941 753 182 1206 619 1108 1082 909 1270 338 720 761 704 65 726 468 197 6 500 809 638 789 1262 954 633 827 891 288 907 1247 1454 958 1186 680 1084 1275 849 635 125 337 213 110 858 1431 891 1367 1192 377 928 1304 522 1028 867 559 348 1220 903 180 174 288 556 1181 895 112 1269 34 524 546 301 36 856 1465 655 108 297 1444 583 584 498 148 235 194 1030 396 101 20 901 239 118 57 198 436 1514 1402 1197 633 977 1512 122 1164 1355 616 849 1057 587 655 715 61 1284 1097 285 575 325 434 768 222 1281 902 425 158 1151 79 1390 1210 948 1378 1504 1195 915 185 1210 697 1471 596 346 978 397 1542 858 1121 493 977 1394 609 37 1395 1384 560 64 681 120 1324 391 1569 781 878 290 829 1456 914 1177 941 804 1409 168 500 305 273 922 1335 469 868 653 1094 184 943 110 1108 222 551 1351 1186 602 924 101 1026 1081 1029 295 1133 373 160 342 728 1044 79 229 1149 720 388 803 940 184 35 836 1433 726 1142 331 1394 1538 1050 649 1040 1095 25 572 1139 681 1015 1457 1564 807 758 764 463 1346 249 1005 1333 1214 1171 217 1502 1418 630 683 1606 566 866 915 356 1596 1587 229 986 1384 1085 593 301 617 1347 1337 228 543 981 1202 449 1410 452 24 1680 1354 1482 487 228 389 1232 668 375 767 452 211 1209 1176 419 936 24 283 1144 1138 350 569 1402 482 1310 531 470 1060 1142 92 63 1345 76 1398 254 728 227 1664 495 340 289 281 759 1636 630 1531 1407 1337 1055 1441 646 226 1625 1541 717 857 1441 844 1134 1 964 213 528 115 1412 273 251 981 669 695 329 913 292 1707 284 351 426 1211 563 1487 64 299 4 412 136 1481 718 353 43 1651 414 1708 1119 1547 777 1583 1108 1643 1246 545 1167 1411 1009 1700 1658 735 1501 10 1453 289 1368 166 189 639 900 1135 335 1121 151 1748 173 1790 839 510 1699 231 1136 980 1764 1444 387 469 901 858 1108 394 480 604 1268 1732 856 1546 1383 415 1651 1207 1437 960 878 965 1125 527 1038 1239 305 1646 1459 1574 820 1640 1728 1772 1730 1133 588 741 694 488 25 1802 1547 414 669 964 643 971 1150 1321 1245 1110 240 714 1322 1535 1456 980 428 180 1667 370 1053 566 1102 139 144 266 1875 600 835 1249 1344 1010 982 345 1361 449 1154 1297 454 1015 207 1342 1644 1342 43 901 568 127 203 847 1329 721 1240 302 501 1649 640 1899 387 120 1206 101 454 922 19 816 1319 488 601 958 90 16 1122 1625 610 1158 575 1865 1536 1071 200 720 230 206 181 1501 814 551 1924 1725 180 1131 661 947 1026 1643 666 888 19 1544 1619 1445 225 1251 128 1769 810 1543 41 91 1615 444 192 1782 1790 125 838 561 126 419 991 1937 1837 891 1808 1435 1220 1293 434 1482 1180 1635 484 83 748 1210 1130 803 604 924 311 1643 1180 1421 344 868 1833 649 759 361 556 110 1768 84 1752 2010 715 610 479 521 185 1020 1691 132 25 656 1745 740 1205 1087 618 1072 1082 235 1750 1244 1481 529 1208 616 1107 992 730 385 1517 343 302 406 201 890 1853 1253 661 1893 108 623 267 1 1891 1361 1207 1237 418 2037 590 1426 501 416 451 1252 154 701 92 660 1066 1458 1374 488 1448 1054 345 72 659 1643 1888 1752 585 1900 2036 1321 732 281 735 1916 953 658 1905 1824 1093 17 554 798 296 680 99 392 1054 459 695 910 636 1153 191 895 774 1121 1304 1032 1447 1135 1097 871 625 1228 1342 163 1106 1698 1218 1074 1753 216 586 148 680 1549 359 26 1955 931 1705 663 1029 1789 1320 1767 357 17 962 394 911 2084 289 626 147 1147 327 1580 2061 35 941 342 925 859 944 1850 269 1252 637 1497 1999 1 1564 1773 503 865 300 985 998 66 106 45 2150 1435 1768 1935 1220 1892 131 486 1156 1092 637 1324 877 1827 2098 1467 469 553 1096 1121 8 143 1468 679 1861 1869 1794 1593 2036 1627 222 422 319 1500 1063 451 1737 240 412 1277 1097 125 1373 1078 1125 1656 459 1278 2191 649 1486 533 2132 2060 458 1910 567 629 403 40 2177 966 2070 1 1284 1236 918 404 1539 1535 1700 1486 876 106 1228 804 1758 787 1611 174 523 266 631 252 2136 1504 1616 1426 2187 221 228 2086 1127 522 169 1517 2087 861 1704 1291 1724 1986 1031 1917 1818 1263 447 1833 687 682 313 376 2121 1061 1731 279 2258 75 1248 1781 968 1881 396 372 931 559 1932 502 1271 1676 592 470 1599 359 499 1175 1753 2176 453 106 240 343 286 1245 2196 243 1463 591 992 2069 1086 1376 261 1685 1361 481 140 1661 1057 1001 1690 826 198 1146 2093 736 1279 687 2007 1378 52 1292 1970 672 779 88 213 626 112 749 1917 1094 1460 1785 175 2066 322 1664 462 2300 804 2040 2035 2225 142 1471 2239 1539 2022 798 656 1471 1540 1027 1981 335 808 770 363 1328 1827 344 1943 2174 363 2375 1638 270 303 1358 2137 1396 1496 390 4 927 2215 1652 834 754 134 33 1003 1576 1301 552 191 2138 2368 937 175 332 2299 1458 1982 1325 866 571 650 186 971 861 650 1198 1155 508 996 1327 339 260 363 2436 1029 1660 697 874 457 1840 238 1595 1600 1444 1863 1057 307 1064 1401 811 1601 226 1801 795 117 2184 2029 48 1073 2188 1298 2356 2233 2071 765 1705 98 662 528 575 2388 646 688 1801 67 1319 884 849 728 2267 1598 1369 2381 1155 1497 1619 2491 1413 2315 2243 1777 1909 430 1256 659 1444 787 1712 75 375 2212 1081 2386 2211 1547 1948 1254 2448 779 2063 2241 944 2405 701 2473 1051 227 1432 1382 2349 834 752 1035 1119 2047 2462 2327 375 2090 1555 2431 1455 2342 2362 1375 1967 180 1100 250 1644 1544 543 1927 1828 2415 2312 2135 2083 196 1089 323 648 143 957 2493 267 2158 1498 786 2461 1514 2153 2383 2375 2337 1344 765 2491 1738 1889 1332 1818 1653 1985 2292 1886 150 2523 828 2445 667 241 2187 1603 623 2388 1046 2093 960 1272 1631 824 2433 122 128 190 1697 170 1034 1637 2499 1251 768 1182 291 149 1266 571 571 132 585 458 1216 2158 2331 9 1763 923 2002 2008 1920 664 59 23 1766 1462 1017 2032 1783 1815 1233 1094 1626 2170 1812 1871 1703 2583 594 1675 1797 517 560 1554 2308 1651 2416 898 2111 2556 662 1881 1706 322 620 1253 158 1998 928 1645 629 185 1474 2186 2481 1230 1044 2141 882 103 303 519 1865 965 2397 389 309 932 761 1029 196 2397 960 1835 1959 2034 1503 249 835 968 1368 2136 1418 843 622 1428 1215 71 2032 1917 2200 725 1943 650 405 1932 1973 1942 693 2385 1011 1638 724 168 638 1681 1232 2720 2654 332 2140 301 2453 2669 131 2065 285 2105 131 2446 1737 1961 966 1041 147 581 2512 2033 30 372 2266 258 2043 1584 102 68 450 1869 861 1065 734 126 2274 949 92 2391 1875 527 2716 1294 2034 745 2442 2610 2737 1571 2603 2237 1619 854 611 857 2734 1227 823 313 1820 1145 424 702 2610 1779 130 2136 1034 1289 825 1234 42 2281 831 802 1034 929 1052 951 1002 836 2483 735 453 2362 1473 1571 2590 1116 1265 1712 2065 1935 791 1910 673 2015 2578 2574 1982 1703 2089 1796 2816 2128 2548 899 2284 559 2499 2308 1806 1650 1298 1502 398 1661 1412 561 307 2077 2358 232 1867 1742 253 1508 1045 1810 2335 1510 1965 33 2701 1540 146 714 949 1808 2115 1977 1451 154 1656 827 708 1985 2847 2519 33 2059 569 1814 1853 602 853 2302 583 86 2420 2 15 2719 447 2381 666 261 1651 2232 198 2266 2149 2793 1020 101 1636 2117 159 2151 1681 2072 1136 2546 2629 732 1980 321 2234 1287 2079 203 2404 2421 1134 2610 1448 2149 2074 2585 102 482 2365 52 1284 2518 2738 1912 1353 2798 2432 1694 1559 409 1441 556 1476 697 2736 968 2196 2641 2364 1986 1997 58 1851 2707 949 1720 2417 2092 359 1589 1683 252 442 2279 802 2129 1686 173 577 929 1884 120 2416 1479 2618 2499 2365 405 1684 1061 1666 2947 2401 2316 2470 1664 2410 2326 2576 1655 1185 2107 2806 2862 1378 902 1964 1257 696 1761 2454 965 591 86 9 2283 2251 2704 236 2427 1629 2505 273 2301 528 1349 39 2088 1761 558 985 2316 1561 438 2213 352 170 1338 2607 1967 2181 1328 2740 1469 607 507 1967 2588 1926 582 1476 752 1054 550 1130 174 1232 1056 2184 1062 2539 202 327 2734 1288 2424 654 572 1251 59 2313 1196 862 1213 2142 1402 174 2936 1404 609 1509 827 412 1556 44 2981 1459 63 1975 2933 696 512 165 529 2186 280 1498 1535 2991 725 1653 2625 475 1545 1137 2452 1549 587 2455 2155 952 1877 2296 189 233 356 2389 2220 1237 1024 1053 2664 2603 1781 948 1331 1347 215 686 810 3096 2757 823 804 67 2415 518 1273 3109 2053 1048 2062 1366 686 2389 2395 741 2681 1485 2085 1576 510 2821 1881 579 155 1680 2696 2801 2900 823 1457 2454 245 2801 620 307 183 335 2196 1038 1932 2000 1008 846 2727 1624 2173 2161 1939 266 1879 775 554 904 612 3044 2234 1680 3129 2040 1528 1321 2131 1020 2599 2335 1905 681 3061 3149 1741 668 2283 1025 904 2144 2330 1928 270 1621 1846 2034 393 1136 3017 2640 3061 2592 1756 3062 3076 2712 406 2901 1214 2079 2783 1287 60 2918 1744 2882 264 2101 1884 1032 2040 3093 2831 2655 556 890 803 1168 1829 2066 430 2015 1520 1206 2724 2644 1802 2301 1900 2235 949 1184 1094 1979 1955 2161 953 997 2738 1806 306 1581 1847 310 2074 1889 906 1776 3124 1447 1042 967 2531 2943 1749 936 504 2719 2771 630 1553 147 2396 1902 3153 3121 2383 1894 327 1733 2453 475 3211 1499 2173 1411 2091 1491 48 906 1484 833 2648 2160 2095 1596 1969 1983 3199 2372 1048 2963 1814 247 2216 66 652 2384 2409 3204 3193 2432 2406 916 617 2824 1866 2610 2869 994 2131 38 2450 990 767 1657 114 134 378 3020 2715 161 1815 195 2716 3015 2679 3188 1937 1638 2487 3077 900 1088 1378 934 260 626 2038 1516 1296 2671 2141 1882 201 50 2383 3199 1800 1808 2594 2151 1505 2506 2050 1402 1984 198 2042 1375 1811 1754 2339 3245 219 1489 1755 514 2919 1589 2633 1771 472 2797 1667 2994 142 2659 16 309 84 1551 2987 579 2296 912 2815 3250 3275 2682 1985 782 2936 3169 1843 481 3202 1702 3099 2371 2904 1474 723 2595 1179 504 105 1841 3226 2192 138 962 1011 409 127 159 1201 2647 3304 1846 2924 68 429 3167 1381 1946 3169 687 1808 678 1604 1536 261 1390 2636 2679 2430 1726 2068 1357 2886 3177 1413 1609 2352 1548 2604 509 2103 387 108 3335 603 35 2852 122 2905 1744 2708 2482 3471 3380 624 2121 1662 2433 828 2313 2212 1320 1334 684 447 3483 73 1143 302 1188 2700 2749 1069 1663 3379 2973 1693 3455 659 1722 3275 180 3459 2097 2809 2125 1874 3484 3100 835 2820 3492 2532 1265 2373 335 1619 901 543 1529 2845 1473 1002 2284 654 768 2460 237 398 504 2467 1836 3518 381 2216 2862 21 1933 1414 202 1492 1714 1490 2733 1643 339 2775 848 869 1519 1517 162 3483 1264 2338 1049 1330 1557 3241 3223 1363 528 1027 1439 2924 730 2554 2566 40 1397 2315 1363 3559 3079 2783 931 23 3149 3138 2992 58 2591 669 113 3331 2125 228 1646 1712 2474 209 3284 1224 2432 218 3018 3284 53 561 3495 3262 1431 2091 1480 3506 2073 132 2284 2274 651 3077 2327 397 713 469 481 2267 3496 1080 165 568 2926 1356 71 346 11 2138 1285 2628 2718 1829 2646 277 2467 3489 860 1335 1621 352 365 2733 2422 719 1931 2999 901 3583 2179 1146 3278 554 538 642 1658 2090 3258 2780 3421 394 2169 909 590 1502 1382 3258 1074 2077 752 796 3035 58 3255 1076 138 2762 3301 615 301 1409 2286 2133 108 2878 1641 2843 2869 732 590 3100 1371 1398 2415 1769 3360 2101 512 3469 1978 3348 1102 1002 2551 2892 173 1088 358 789 2135 3076 2170 69 2020 365 953 404 3500 310 2460 2728 608 61 346 2070 803 47 105 3104 3703 947 2800 104 2490 3537 3427 2877 1966 744 548 792 3001 2830 827 2130 953 1005 1900 192 602 305 2527 3095 2193 1707 1940 1570 3411 1560 1320 2024 37 322 3283 1170 3143 2770 36 3180 810 2033 774 1947 3722 2528 1519 2992 2650 3701 2752 1938 3020 1538 968 257 1304 1937 3160 1210 1041 235 2861 3717 487 3328 10 294 90 2366 2052 747 2654 2626 3219 1814 3162 1177 1933 2311 2219 1222 2792 587 1969 674 2686 2055 613 1331 2341 314 477 3587 2482 1968 1317 984 1855 1797 2216 1606 1709 3177 3528 1245 2305 333 2624 2816 1267 2687 156 774 2249 3081 834 915 745 1127 3224 2008 2701 3442 2323 1724 2908 2703 1269 2085 1294 689 2209 1605 3448 1190 2408 1793 600 3136 2044 3612 3371 1248 2035 615 1090 3830 2941 1132 767 2747 3834 2651 545 2998 2207 1407 2341 1724 759 3557 533 1980 2029 3715 2076 58 2011 3792 1500 2952 186 2758 1733 3506 122 1738 128 2300 2355 1876 64 3401 1617 101 2539 3206 1446 2770 406 606 798 1448 1246 676 100 1415 3066 3413 32 557 2844 927 2026 2017 2201 1693 2100 2610 1316 29 2936 3266 3620 275 1734 1279 1990 2599 3329 3145 2175 140 57 2387 3641 55 1383 233 1712 2032 1025 3704 3111 2594 3288 1112 404 1737 2603 2204 2720 3539 370 3959 686 1144 210 63 574 2779 1931 921 459 112 2680 1812 3831 1495 33 1038 437 569 2002 580 54 1734 3679 144 1293 478 2021 3261 823 3428 1535 500 996 3696 2805 1266 1536 856 2279 1539 3590 1729 77 2956 637 3310 3579 44 2548 985 1 552 2789 2329 2032 1285 2488 3397 1322 2113 3755 3415 1272 2678 1389 1275 3446 3705 1178 3696 2640 3183 3282 2103 3513 2986 3962 2247 2568 3404 2779 145 3233 2710 1063 3709 102 1436 2147 1668 2536 1048 1913 164 2453 179 1480 992 2720 3955 3302 1713 2044 3407 3018 2138 2138 3309 3818 3886 1092 2377 3997 2439 2173 2427 4 1373 2467 756 2656 1700 1026 1891 1071 3207 3020 1568 2800 2793 4041 912 3724 3037 987 2830 3006 3922 1485 3348 3579 2059 641 1047 1840 3941 3486 2585 2224 3680 4112 3504 2794 1966 1155 4080 2621 3456 3238 2970 3492 3269 1194 2246 3467 498 314 2126 1343 2631 215 2685 3572 38 3931 410 1361 1921 3269 3529 3321 3880 245 2499 2579 2089 3558 200 1310 303 4102 1924 2983 437 558 575 735 599 1913 2664 469 1953 2179 2965 364 2655 1524 2451 142 2965 2511 2025 3381 664 111 450 4021 2396 3370 3088 887 2900 2447 833 1781 855 1908 2229 1818 1380 1125 3824 3621 4152 219 408 1436 1714 2205 2346 1085 1567 2235 4122 232 2100 702 732 4168 1297 3111 4144 1901 787 2691 3530 1399 708 796 293 263 3449 1422 1350 4207 1892 3536 693 1229 1051 3920 3374 631 3585 3348 2487 4051 3092 1365 3737 2509 111 3339 2466 3006 1112 4194 1808 944 1228 250 3961 3349 3730 457 3735 3153 2925 3456 1160 4091 3022 3076 4024 3434 674 438 2161 2880 3672 153 1548 2512 3101 3635 1703 1849 3199 1826 3228 1574 2000 28 2008 2404 3935 1771 952 4205 4300 3426 4076 190 4208 341 939 2799 802 1171 3789 2281 2276 2497 2124 2419 3813 887 3369 2444 4057 4117 2694 1724 1198 2564 2140 3109 3628 441 3191 1603 1367 3915 1466 1935 2107 819 2268 2722 3937 2812 3855 1110 2664 2319 3850 3936 2574 663 3617 1635 3728 679 3129 1880 1255 3565 617 2592 3245 498 2566 4169 808 557 2847 1998 1356 4031 3592 1417 2903 2053 842 2396 2780 1018 165 2079 416 607 392 2094 33 3028 391 4385 3044 13 2274 2080 1374 1904 188 1398 2517 1749 114 3701 2224 3389 2498 1270 2276 3057 924 304 2596 719 1880 3313 2659 2252 604 1222 2737 1800 2810 973 2068 1288 3654 1501 1124 115 4085 3337 1352 2 2819 3340 1526 1360 2627 991 1752 3288 544 1095 4101 4235 4322 461 2016 1046 3863 1611 4199 2889 1125 2985 438 3424 3195 2628 529 522 3370 3500 2344 4 579 1413 1081 1884 1689 917 1731 4081 2708 888 445 3742 1530 2577 3613 3928 2859 4104 130 1186 2375 3560 1700 556 1933 3482 2982 1183 334 4262 2060 2907 3041 1437 4323 74 3701 2171 3565 4260 883 3430 2362 3967 551 2795 739 1248 100 2468 3056 1809 3958 410 1973 2159 1161 1661 2428 3577 4432 4089 1998 2595 1056 3096 1615 2390 2758 1561 2871 458 1414 1549 4522 2882 881 441 2938 3120 4527 2301 120 3027 3639 1067 3609 1451 647 1058 2537 1298 2029 3631 405 2136 4493 2743 712 489 3287 74 2575 1932 2717 3368 1183 1553 851 1517 4075 602 2025 3159 1422 4159 4422 2219 2599 4266 3538 4322 2947 742 3540 677 1001 4343 919 1992 1008 3790 305 1978 1319 2074 140 1282 2663 367 578 238 1468 4196 1346 1890 3117 1279 3610 2224 4553 2483 3119 3827 3825 1508 4014 89 1506 1798 3341 1416 134 1457 1247 1732 4341 1750 4346 254 1768 420 1695 4257 1815 3754 217 4641 2191 3850 4377 2325 846 4614 4201 4530 3614 230 4563 91 1832 3504 1696 764 3362 4641 4022 3466 523 3934 1 442 4105 1827 2717 1832 2338 4195 3932 1658 4331 3482 2418 2752 2351 3991 2501 3493 1956 3221 3972 2197 3427 2970 695 3048 2232 4639 3738 4246 335 995 4128 3887 2022 3622 3647 4502 743 593 3593 3339 578 1245 2550 3440 3818 1281 10 3457 2430 3045 4416 3493 1307 812 1674 2536 2096 2981 4110 1353 1659 1945 2900 830 1130 1132 3786 3694 2029 4411 1016 2816 1234 3371 2774 3652 1896 4675 3583 4524 3636 2098 1944 4232 1320 138 2744 577 3779 1782 2780 626 262 78 1196 985 3271 3544 1362 4535 379 1543 4030 3959 1844 3164 203 1187 849 1417 3712 3728 3858 2927 1611 94 3411 3304 2376 35 2719 3143 814 2561 3904 331 1897 2674 3908 3271 2058 1850 4251 4642 2331 3233 2548 2435 769 4079 1454 769 228 3741 3188 97 682 4290 3186 84 4687 4169 2805 884 3201 1547 1912 1572 3218 4317 3929 329 2345 3522 2356 1238 1700 4085 3159 303 2193 2990 3357 3840 2648 948 2310 1581 1092 1656 4302 2956 1324 1032 1749 2959 2522 2225 2736 270 2518 3846 4231 1966 3730 2583 3758 2912 2255 62 587 716 2427 548 2135 3355 423 1594 1992 1698 4689 2467 3760 1213 4868 1814 1684 2776 705 1139 1535 933 2494 1563 504 3929 4828 3349 1937 3311 2123 3003 2545 1531 4185 4793 1701 2134 1786 3565 1674 2820 3998 4517 111 910 1992 2393 336 1524 4376 362 2381 299 3856 2909 2453 1204 4606 3319 4901 3825 4157 1227 358 3293 398 1777 2462 1095 4318 2966 3761 1757 1313 4849 2546 1260 493 4248 3919 1039 1934 2565 3275 95 4653 1365 1186 1229 1379 2707 1874 4225 4018 2440 1173 390 1019 2276 361 4542 4548 3155 2435 1465 3594 2199 4691 4970 367 3705 4684 194 2501 4572 575 2252 1954 4480 4984 1338 4140 1633 4097 86 3771 2240 2089 4022 131 3387
8 9 8 6 3 2 8 8 7 10 5 10 4 2 2 5 10 6 6 1 3 4 10 7 10 9 9 2 4 7 1 1 10 6 5 9 8 5 10 10 9 4 9 6 3 2 6 4 2 7 8 4 1 6 3 3 2 6 1 3 7 3 9 4 7 8 5 6 4 8 8 9 9 5 1 4 6 9 10 4 2 8 1 10 4 4 6 8 4 7 5 10 5 1 1 10 8 9 7 6 3 3 4 6 4 8 10 2 1 6 1 10 4 7 6 6 10 7 2 10 10 2 8 6 10 5 8 6 1 4 3 1 4 9 9 6 10 5 1 4 8 8 10 6 10 1 7 9 8 7 10 1 10 2 8 10 9 6 10 1 5 1 6 3 6 9 1 8 5 10 4 5 1 2 2 5 8 2 1 7 5 4 9 1 2 1 5 6 4 6 10 5 3 8 1 9 3 4 1 2 3 6 8 6 2 9 6 4 2 7 1 9 5 9 8 6 8 6 6 1 3 5 9 1 5 10 6 5 2 3 5 8 10 1 3 3 5 8 8 1 2 8 2 8 9 6 2 6 8 5 4 8 3 10 3 3 6 3 6 1 5 1 9 9 5 5 4 4 6 3 3 1 6 1 5 4 3 7 9 9 2 6 7 3 4 9 10 2 2 6 7 9 2 9 8 2 10 10 3 1 5 2 3 9 1 1 5 7 1 1 4 10 9 6 5 6 5 5 9 1 10 9 10 8 1 10 9 5 10 3 1 9 1 8 4 1 3 6 1 8 1 3 8 10 1 1 7 5 2 6 2 3 10 8 1 7 4 7 4 7 8 7 7 4 4 3 5 9 2 8 2 10 1 7 8 2 4 4 9 2 8 10 2 4 1 2 9 4 1 4 5 7 8 4 3 6 5 9 3 8 10 4 7 6 5 7 5 2 10 9 8 7 1 2 4 6 6 7 9 7 9 3 5 7 6 4 4 10 5 9 10 3 1 2 6 6 10 5 8 6 1 10 1 2 5 2 4 3 10 9 7 4 10 10 6 2 2 1 8 7 10 3 3 5 7 10 4 3 4 5 2 9 1 2 7 9 10 6 8 7 4 9 3 2 5 6 5 1 10 2 2 9 6 6 6 5 4 1 10 8 8 10 2 2 10 9 5 8 10 3 6 10 10 5 8 7 9 8 5 10 7 3 4 7 8 2 9 9 2 4 5 9 5 9 9 6 5 5 2 1 2 3 2 1 3 1 6 1 2 1 9 8 1 6 3 6 5 3 5 3 10 9 6 7 7 2 1 5 2 7 7 6 4 2 5 7 3 10 2 7 8 8 8 8 1 6 8 8 1 4 4 8 4 2 6 2 8 9 1 5 2 10 4 1 9 1 9 3 2 1 7 4 9 6 5 10 5 2 6 9 1 9 6 9 2 2 6 2 7 3 10 2 8 1 6 5 3 8 7 9 3 8 10 6 9 2 9 4 8 10 4 6 9 4 1 10 6 7 10 4 9 10 9 2 8 4 7 9 7 4 3 7 1 9 8 1 5 9 2 9 2 4 9 8 9 10 6 2 10 7 7 10 6 6 3 9 2 7 3 8 9 9 1 6 1 10 10 8 4 4 7 6 4 9 4 10 3 7 7 6 10 2 5 10 9 8 5 5 3 8 3 8 3 1 10 9 2 7 3 3 8 5 9 4 10 9 5 7 9 7 9 8 6 9 8 6 8 2 8 4 8 1 10 7 10 3 3 1 2 7 2 6 6 10 7 5 7 8 3 7 9 7 10 3 9 9 5 5 1 8 10 10 9 5 2 2 6 7 8 4 3 1 9 9 10 4 2 4 7 2 1 2 6 3 3 3 1 5 3 8 2 9 4 4 5 10 7 4 4 3 3 7 6 3 3 5 6 7 3 4 9 6 8 9 2 2 1 1 1 4 8 10 7 8 9 9 8 2 6 3 4 2 7 7 5 3 2 10 8 3 9 3 9 3 7 1 8 10 5 2 9 7 2 1 8 9 10 6 2 9 5 2 7 5 8 6 8 10 4 1 5 5 10 6 1 8 5 10 7 5 8 6 6 9 6 1 3 2 8 1 3 2 9 2 3 7 7 1 9 2 2 9 3 9 1 9 9 6 3 9 1 4 8 4 6 5 4 3 6 5 6 2 9 9 5 1 2 9 3 10 8 7 3 3 5 2 8 5 3 2 5 3 10 5 8 1 4 2 7 2 8 8 3 6 4 8 8 10 2 4 9 3 5 8 3 3 3 8 5 2 9 9 2 8 4 3 2 1 10 2 6 8 9 10 2 8 4 8 9 8 5 7 6 3 2 10 10 10 8 3 7 1 3 6 2 1 1 2 1 10 9 5 2 6 1 10 6 3 5 4 1 1 2 7 9 8 2 8 1 3 8 8 7 5 6 10 7 1 6 6 9 6 5 4 4 7 4 8 7 3 8 10 7 8 6 1 9 6 1 8 4 7 7 3 6 2 8 1 4 8 3 6 5 6 5 7 1 7 8 6 8 9 9 2 7 10 3 3 4 9 3 2 2 7 5 8 9 7 9 3 4 8 2 2 10 8 1 8 10 1 5 1 8 8 10 7 10 9 2 9 3 2 8 4 4 7 10 4 2 7 5 9 9 6 2 2 1 4 7 10 7 10 7 9 10 6 5 9 5 3 7 9 7 4 4 2 7 1 7 10 3 1 4 4 7 7 7 5 9 7 1 1 7 10 9 8 9 5 10 8 9 1 2 2 1 4 5 10 8 1 4 3 8 1 6 3 3 10 1 2 6 6 7 8 4 10 7 9 6 10 7 7 1 4 7 3 2 4 9 8 6 10 10 8 6 3 3 8 1 4 6 6 3 7 6 3 8 1 10 6 6 8 8 8 4 7 6 6 7 2 4 6 4 1 7 2 8 4 9 5 4 5 7 5 9 6 3 6 2 7 4 1 5 5 8 3 5 7 2 7 7 7 4 4 2 7 6 6 7 9 9 10 2 5 8 1 5 6 6 6 5 8 6 3 10 9 1 3 7 6 3 6 9 10 10 9 7 4 1 1 2 4 9 7 9 9 3 6 10 8 2 5 3 1 10 9 2 8 7 6 7 6 4 4 6 7 4 6 6 8 1 2 1 4 8 4 2 4 5 10 7 1 3 2 10 9 9 9 8 6 1 10 1 4 8 3 6 3 4 6 8 8 10 1 2 2 5 5 6 10 6 7 5 8 7 9 1 1 1 9 7 8 9 4 4 9 3 7 4 9 6 7 8 1 7 2 2 4 10 6 1 2 4 9 9 7 8 10 8 1 7 1 2 5 7 5 3 9 3 3 7 9 8 10 3 10 4 9 7 1 7 7 9 9 7 8 4 4 2 2 6 1 5 1 4 5 5 5 3 5 10 2 4 8 2 3 4 9 2 5 2 6 1 3 7 7 1 8 4 8 3 1 1 9 6 10 10 2 10 6 7 10 4 10 4 5 8 6 7 6 3 7 8 3 5 9 9 3 9 1 8 8 2 7 7 7 8 5 1 8 6 2 4 4 10 7 3 10 1 8 1 7 4 8 4 1 1 6 10 2 2 3 3 3 1 6 2 9 9 2 3 8 6 6 1 2 3 1 9 8 3 1 10 8 4 1 7 3 4 10 3 10 4 4 4 5 7 7 6 5 1 3 3 6 4 10 6 8 9 10 5 7 4 5 3 1 6 7 10 9 6 3 9 10 10 3 4 8 1 7 4 1 2 7 8 6 7 4 10 1 7 4 7 6 8 2 2 2 1 7 4 9 9 8 5 9 10 1 10 6 7 6 3 5 9 8 1 9 4 9 8 2 9 3 8 6 7 1 3 5 3 8 7 4 7 9 7 5 6 4 1 9 7 10 9 9 3 2 7 4 3 7 1 7 3 9 9 7 3 7 2 4 5 9 8 3 6 2 6 8 2 8 5 9 1 5 7 5 2 6 7 5 6 7 6 1 5 10 3 2 8 8 8 8 7 4 6 3 2 8 10 7 2 6 7 10 7 2 9 1 5 8 6 8 4 6 8 5 1 6 9 5 4 2 7 4 9 1 2 1 4 4 10 3 4 8 9 10 4 8 1 4 8 2 4 4 1 5 10 9 4 9 8 1 9 5 3 9 7 5 9 7 8 6 8 8 2 6 1 1 6 9 10 9 3 9 8 7 4 6 9 1 2 1 8 3 10 4 9 7 1 8 4 7 1 9 7 7 1 10 10 4 3 9 1 8 6 6 3 7 1 10 6 1 8 5 6 6 7 1 9 10 1 4 8 8 4 6 4 5 7 5 3 6 2 6 2 6 5 9 2 4 1 6 7 6 1 10 8 6 8 10 4 5 9 4 9 7 1 8 10 7 6 6 8 4 7 1 4 4 10 10 4 1 2 2 9 4 9 9 3 1 9 4 7 1 9 6 2 6 10 7 4 7 10 5 5 10 10 8 9 2 6 3 4 1 8 6 5 5 6 4 3 1 8 8 6 3 7 7 1 2 5 2 2 9 7 6 7 10 5 7 3 3 3 2 1 6 1 9 10 8 8 9 3 2 5 4 9 1 8 9 8 10 10 1 1 7 1 9 2 1 7 1 5 9 8 4 6 10 8 9 7 5 9 7 6 4 4 2 9 7 4 10 8 4 2 8 6 3 6 1 3 2 6 1 4 9 8 6 4 3 5 10 1 9 6 4 4 8 6 1 6 1 3 9 2 4 7 4 2 9 7 1 10 8 8 3 9 10 3 4 9 10 9 7 1 3 6 8 8 5 5 3 3 7 5 6 5 9 4 5 2 6 1 8 9 9 8 5 3 8 9 2 10 9 1 3 1 3 5 8 6 8 1 8 1 1 6 5 4 5 5 1 9 3 6 1 4 9 2 5 8 4 1 5 8 8 1 10 6 8 8 6 1 9 10 4 9 5 10 1 7 6 1 9 4 1 3 3 7 8 2 5 2 1 6 3 4 4 5 8 9 5 3 7 9 8 2 8 4 3 3 1 2 6 6 7 8 2 4 9 3 8 4 7 4 5 8 6 7 10 3 9 3 5 2 7 9 6 5 5 5 9 2 2 1 4 6 9 10 10 1 10 3 9 4 1 2 5 6 5 2 6 5 7 9 8 5 10 4 6 7 3 9 4 7 7 7 6 6 8 4 2 10 9 10 8 3 3 7 3 2 6 10 5 8 9 10 10 6 3 3 3 8 2 9 5 2 1 10 9 6 8 9 5 6 6 10 8 6 7 4 2 10 5 5 7 7 2 3 10 9 2 1 5 6 4 3 9 3 1 2 8 3 8 10 2 9 1 6 6 1 1 2 9 6 9 2 5 8 6 2 3 1 2 8 6 10 2 4 6 10 4 3 2 6 10 8 5 6 5 3 8 5 6 6 6 10 9 6 6 2 7 10 10 8 3 9 10 4 2 2 2 7 9 10 9 7 2 2 4 2 2 10 7 8 3 2 6 6 9 10 2 1 5 5 9 4 7 4 4 2 2 3 4 10 4 1 7 1 7 3 7 5 4 2 3 10 4 3 3 10 3 5 10 1 7 6 6 3 3 7 6 6 1 7 9 7 9 5 4 7 7 6 6 2 10 7 9 7 9 9 6 10 3 4 9 10 4 7 9 2 1 5 2 8 8 10 2 3 10 6 4 10 1 2 9 6 8 6 8 1 9 7 6 3 3 6 9 6 7 1 2 4 7 9 8 4 5 7 7 6 8 9 7 9 5 5 4 10 6 3 4 8 8 7 8 1 8 10 7 9 1 3 5 6 9 5 9 10 8 3 2 1 10 7 4 4 7 2 9 5 9 3 4 7 8 8 6 4 3 7 6 2 7 5 5 3 4 1 1 7 10 5 9 1 3 7 6 4 4 5 2 9 2 6 4 4 4 7 4 6 4 3 8 5 10 8 7 5 5 2 6 3 1 1 8 6 6 4 2 3 6 10 9 9 7 1 7 4 4 8 4 1 5 5 6 5 5 2 6 1 8 3 10 8 9 4 9 10 10 7 6 5 7 8 8 3 2 1 2 6 6 4 8 7 9 8 4 9 5 8 10 5 1 2 4 6 8 1 2 8 8 1 5 2 10 2 1 1 7 4 9 4 1 3 6 2 6 7 9 5 2 4 4 9 7 8 9 3 9 3 5 5 7 10 9 8 1 2 7 3 7 5 5 6 3 10 9 5 2 7 6 9 10 1 4 9 6 6 3 5 3 5 6 1 4 5 3 5 2 9 1 5 2 2 3 4 7 1 2 6 10 9 5 8 4 10 7 9 6 5 5 8 10 9 2 3 3 3 8 3 8 9 3 9 4 4 9 2 1 7 10 10 10 8 5 7 2 10 6 9 10 10 2 10 8 10 4 5 6 1 4 10 5 3 9 5 8 3 8 7 3 3 1 9 10 2 4 8 4 6 5 9 6 5 2 5 3 4 5 7 4 2 2 4 6 7 7 9 2 2 1 1 4 8 2 2 3 10 7 10 5 4 1 2 8 10 8 6 2 6 9 3 1 5 6 10 1 6 2 2 1 8 10 8 6 7 3 3 10 7 5 5 5 1 10 4 7 4 2 3 6 8 8 9 9 7 1 8 10 5 10 10 5 10 3 10 9 8 4 3 9 4 8 1 9 5 5 8 4 5 7 4 2 3 3 5 1 10 6 6 4 2 3 2 8 1 9 5 4 8 7 2 10 4 7 6 1 5 1 3 4 6 6 7 7 8 7 7 1 7 5 4 5 6 10 9 7 10 7 3 10 7 3 1 7 10 5 4 7 3 10 1 6 2 7 8 4 8 9 4 2 4 3 6 3 1 2 7 2 8 4 10 6 2 8 4 4 7 7 7 6 4 5 8 5 8 3 7 2 10 9 2 2 8 7 9 3 6 1 2 8 1 7 8 5 7 6 10 6 2 5 3 8 1 7 9 2 9 5 10 6 2 9 2 1 3 5 2 6 7 4 7 9 10 4 1 6 1 2 1 6 8 9 7 7 10 4 9 4 2 1 6 1 1 7 1 6 1 6 1 4 7 1 9 7 8 7 2 10 5 5 7 4 7 4 5 6 8 1 8 10 4 9 1 5 3 7 1 1 2 10 9 1 9 3 2 3 2 7 5 10 4 1 6 8 10 9 10 3 7 9 9 10 1 4 3 10 4 5 6 4 1 10 10 9 8 5 7 9 7 7 9 7 1 3 6 7 10 2 3 2 8 10 10 4 2 8 8 5 9 5 3 6 8 7 10 4 3 3 2 3 8 9 5 9 6 10 2 9 2 8 6 10 9 4 7 8 8 9 6 6 1 1 1 8 7 5 3 7 7 10 1 4 4 10 9 6 10 2 1 8 1 2 3 4 5 8 2 7 4 7 9 9 3 5 6 3 4 1 3 3 9 7 4 2 1 5 5 6 2 3 3 9 10 2 10 10 9 5 5 8 9 7 9 9 4 10 5 1 10 6 6 8 9 1 9 9 8 4 6 10 1 10 1 4 8 3 7 8 10 10 2 3 4 3 10 8 10 1 6 4 5 4 4 6 2 8 2 6 6 8 7 5 6 5 7 3 1 6 1 2 7 7 5 2 8 8 8 10 3 7 5 4 3 9 4 2 7 2 2 2 2 4 6 7 10 4 1 1 4 9 2 2 4 3 1 9 4 9 10 4 1 8 6 5 2 1 8 2 9 8 3 9 6 10 10 10 4 7 5 7 10 4 4 2 4 5 6 9 3 1 6 5 3 6 1 10 1 10 8 2 5 3 2 1 4 6 7 10 7 9 5 9 4 2 1 8 7 1 3 4 7 4 6 9 3 2 2 1 4 2 10 5 8 3 10 8 4 7 1 3 10 4 1 9 7 8 7 3 7 2 1 8 7 6 2 8 3 5 4 4 4 3 10 3 1 7 9 4 8 10 6 6 1 3 8 9 2 3 8 8 1 8 2 8 4 2 8 4 9 3 9 9 3 3 8 8 6 4 7 9 5 2 2 8 3 3 10 3 8 8 6 2 2 4 2 1 3 5 9 5 4 5 10 3 8 6 8 9 6 8 2 9 5 8 7 1 7 3 6 6 2 3 9 5 5 5 4 9 9 6 10 2 4 8 10 10 8 6 7 1 9 8 2 6 1 10 10 7 4 3 1 5 9 10 9 4 1 5 5 8 1 7 3 6 8 5 1 4 4 1 10 9 9 7 6 4 6 6 7 1 3 1 7 10 1 8 1 5 4 2 7 8 2 9 3 5 2 6 5 1 1 5 9 10 7 3 8 5 9 9 1 5 3 5 8 1 5 6 5 4 10 7 9 5 4 1 6 1 9 9 4 5 6 9 5 1 10 4 10 6 1 2 5 1 9 9 3 1 10 4 3 6 2 5 1 1 10 3 2 5 6 3 4 5 2 10 6 7 6 5 8 10 1 9 1 2 1 5 7 8 9 7 7 9 10 1 7 8 5 5 9 9 4 1 2 4 7 9 10 9 7 1 8 3 4 3 3 7 10 2 2 6 5 6 3 5 9 4 5 10 10 8 9 5 8 6 3 9 2 8 1 2 2 9 10 1 10 1 2 4 7 3 7 2 1 7 7 6 6 4 7 3 10 5 10 2 9 8 9 8 2 1 3 10 1 2 2 5 4 1 3 4 9 5 6 4 10 5 3 5 8 1 3 5 10 9 4 4 8 8 1 7 4 9 9 1 3 8 6 7 10 1 8 6 1 8 3 8 4 1 6 3 10 8 5 9 5 4 2 4 5 5 9 1 1 9 7 5 2 9 6 9 1 8 6 9 6 6 6 1 10 5 2 6 6 8 2 2 1 8 2 6 5 9 9 2 2 7 6 3 8 2 4 9 5 10 3 7 5 10 7 2 8 3 6 4 7 2 4 10 3 9 3 10 1 8 9 6 8 10 3 6 10 2 9 2 2 7 3 7 5 1 2 9 10 4 10 3 9 8 2 3 1 7 8 3 6 3 1 10 5 5 10 4 9 9 5 7 8 1 10 3 9 8 5 10 7 7 1 2 10 4 7 4 2 2 3 7 9 9 10 6 10 6 5 9 5 6 6 10 2 5 6 5 1 6 2 5 2 7 6 10 1 4 7 5 8 10 10 8 3 4 8 9 7 8 2 3 10 8 8 1 8 10 7 4 2 9 6 2 5 9 3 9 3 6 2 10 4 9 6 5 3 7 6 9 3 8 7 9 5 5 9 6 4 6 5 4 5 9 1 10 2 3 9 7 1 4 4 8 3 7 2 10 10 1 1 8 2 6 5 7 2 8 6 4 10 1 2 9 7 5 5 8 6 1 2 4 6 5 1 9 7 8 6 3 1 5 3 3 5 7 2 3 10 8 10 3 1 9 5 7 1 4 6 8 3 8 8 10 4 4 2 3 7 2 9 3 4 3 4 6 9 6 8 6 8 5 5 3 4 5 4 5 10 10 4 8 2 9 10 6 7 6 7 3 3 9 9 2 10 9 4 7 10 1 2 1 1 8 2 2 2 9 10 4 9 10 1 9 2 8 6 1 5 7 8 5 6 6 2 9 6 6 5 5 1 6 10 2 10 9 7 2 2 9 4 10 8 9 7 5 6 6 10 1 7 10 9 4 10 2 10 8 5 5 6 3 8 4 3 3 7 3 6 10 2 2 2 5 4 1 3 4 1 10 8 2 9 1 4 6 8 3 3 9 2 9 9 4 4 2 8 7 9 9 9 7 8 4 8 4 3 6 7 9 6 10 4 9 1 5 1 5 1 8 3 5 5 8 9 6 5 3 7 2 8 7 4 4 9 4 3 1 9 5 2 10 6 5 7 6 7 3 4 6 8 8 6 6 5 1 4 1 4 7 5 8 9 10 5 3 5 5 7 2 1 5 6 3 1 10 7 1 1 5 9 7 2 3 7 7 4 10 1 5 2 3 6 5 2 6 3 4 5 3 1 2 8 9 2 5 2 1 1 9 8 10 2 1 7 6 2 2 9 6 6 8 9 6 7 4 10 6 2 6 8 5 7 7 2 2 8 3 3 2 3 6 2 2 8 8 6 1 2 1 8 2 5 3 2 8 6 4 2 9 9 7 9 2 2 1 9 10 3 9 10 4 10 9 2 8 1 4 1 7 8 7 10 4 5 6 1 6 3 7 7 2 1 1 9 9 10 1 4 5 7 5 4 2 4 10 5 5 9 4 2 1 8 8 6 3 2 7 9 6 6 5 4 9 8 7 8 2 3 5 1 2 1 9 8 5 3 5 5 5 4 10 8 7 10 6 7 1 3 10 8 7 3 2 1 4 2 5 5 9 5 9 9 4 3 9 8 4 5 3 6 5 2 6 10 4 7 4 4 5 3 2 7 1 6 5 1 1 1 9 8 3 1 8 1 3 4 4 8 3 1 6 2 10 7 2 5 5 6 8 1 8 10 5 3 7 9 2 5 6 3 2 4 1 9 3 8 10 2 7 5 10 1 4 5 10 7 5 10 6 7 6 9 6 5 5 7 10 3 9 2 5 3 5 3 8 10 8 7 10 5 2 5 4 10 6 8 8 1 6 1 7 7 7 2 10 9 6 6 2 4 5 9 1 7 6 6 4 3 5 9 9 3 5 7 8 3 2 1 1 9 3 2 1 8 3 6 9 9 6 3 8 4 9 5 1 10 7 2 5 10 9 9 8 8 3 6 6 4 6 3 5 3 4 1 1 6 5 4 7 2 8 7 3 3 9 5 2 10 4 1 9 4 2 5 4 5 10 5 9 5 5 2 4 5 10 5 6 1 5 3 3 2 9 2 10 9 3 10 10 4 10 9 8 2 10 2 5 3 4 1 6 10 4 8 1 1 3 2 7 3 3 2 4 2 6 9 7 4 3 7 5 4 3 5 2 1 5 2 8 4 10 3 9 5 3 4 5 7 1 2 4 8 10 6 6 6 3 1 2 4 5 8 6 9 5 5 1 8 2 4 8 3 6 6 9 9 6 3 3 3 5 7 7 4 4 1 2 8 2 9 2 1 1 10 6 3 5 10 1 5 7 6 5 10 8 2 1 9 4 1 8 7 5 1 3 6 10 1 10 8 6 6 8 2 1 8 6 1 7 9 8 1 6 4 1 3 3 6 1 9 1 8 6 1 5 7 3 10 8 4 7 6 5 9 4 9 5 9 8 7 6 3 9 2 9 4 1 10 10 2 2 6 9 7 5 8 2 3 3 5 4 5 8 8 5 9 7 5 5 10 2 2 4 3 5 10 10 9 4 9 9 8 2 10 2 8 8 2 3 4 10 6 9 4 5 10 7 3
