6
4
1 4 2
10 30 20
5
4 1 1 1
30 20 20 30
2
1
68
10
3 10 1 1 1 1 1 5 4
43 92 82 28 46 62 96 37 28
1000
772 648 603 386 53 235 797 387 281 795 22 639 857 941 963 469 855 386 512 450 60 712 637 221 56 689 416 785 255 140 789 657 71 821 815 802 242 610 424 173 728 65 173 857 431 326 956 860 441 706 579 10 606 622 19 332 813 959 579 914 581 681 402 895 637 569 359 579 84 214 122 800 772 246 153 787 245 919 357 378 758 211 816 15 761 906 785 86 604 209 677 893 835 103 558 281 941 244 435 965 565 590 193 348 292 697 268 407 119 999 447 53 408 875 323 365 757 281 779 6 628 382 63 437 144 433 801 787 134 279 857 722 310 832 48 993 545 547 773 875 396 115 948 70 953 787 244 623 579 283 720 133 67 308 8 467 634 142 314 992 206 45 767 214 843 633 375 371 858 201 737 8 537 628 133 567 74 23 81 781 177 1 450 934 2 537 941 577 574 919 271 727 395 548 650 202 291 639 193 97 787 515 747 810 672 412 328 187 133 875 940 858 720 869 547 818 121 689 285 479 164 91 672 857 164 756 115 606 891 569 949 994 869 174 353 356 22 425 792 644 906 757 790 108 77 644 337 378 523 481 328 442 74 821 650 558 787 860 375 594 831 395 983 999 184 957 813 527 950 277 34 22 6 362 607 231 938 486 569 5 670 884 89 515 755 281 943 365 895 697 486 297 395 70 149 601 912 545 19 170 188 595 386 890 527 977 389 606 231 981 784 356 761 373 137 754 30 404 424 81 590 141 1 638 998 888 426 633 772 287 502 443 466 168 876 648 500 787 428 432 162 273 246 111 552 289 330 582 153 816 869 295 518 545 895 846 267 387 229 498 312 677 712 993 118 927 308 251 860 350 190 772 10 434 857 56 314 16 259 702 635 844 34 567 1 65 206 69 967 807 762 180 860 260 65 809 532 80 345 72 255 912 234 122 150 108 319 411 499 487 314 124 884 847 839 267 843 271 832 332 895 754 681 45 214 54 288 369 31 10 761 429 357 214 694 994 829 722 909 622 659 53 277 254 769 846 89 214 906 558 399 80 15 665 678 536 162 612 280 209 461 196 662 917 694 948 619 8 277 738 313 463 779 170 986 564 684 897 200 941 235 931 316 531 787 773 644 351 183 178 919 360 98 561 13 537 395 281 590 206 72 35 236 362 412 829 650 2 749 635 259 63 80 290 81 319 426 851 377 887 796 598 611 232 338 499 429 208 71 716 860 628 183 259 337 875 611 731 936 455 355 635 256 19 677 385 267 727 628 75 761 194 639 308 122 292 860 5 994 313 25 882 968 826 41 487 236 999 589 644 453 451 63 156 396 589 269 481 539 964 577 110 343 289 810 705 98 681 846 816 496 16 765 19 846 408 19 358 447 561 784 242 781 904 19 537 289 622 281 499 111 803 118 684 736 295 781 205 375 688 499 844 936 270 439 948 69 380 527 375 615 631 177 712 428 855 620 97 965 397 351 564 89 132 592 610 712 628 481 544 388 64 254 697 375 129 574 168 919 435 156 653 789 420 857 72 307 796 289 963 14 306 229 661 415 53 779 569 97 447 223 246 869 116 119 397 341 375 109 768 396 265 857 801 22 860 262 22 375 234 248 375 39 249 934 934 930 115 157 527 906 63 809 712 6 918 447 39 761 790 129 198 632 995 513 171 434 91 166 251 699 855 869 302 964 486 863 46 132 838 581 959 405 655 532 772 869 985 402 23 384 362 467 664 201 930 538 536 153 324 472 995 248 235 672 941 201 536 46 312 15 15 372 126 85 919 623 19 111 387 556 496 424 323 488 447 32 424 110 662 291 204 16 40 345 15 30 281 957 790 611 567 201 198 388 931 574 323 561 792 60 422 396 5 386 720 461 684 185 447 8 551 492 2 884 521 953 166 893 58 469 342 5 494 990 514 681 93 120 622 633 201 113 800 324 94 838 796 173 35 875 447 99 201 86 324 302 765 875 86 120 672 739 559 86 505 207 19 808 633 829 341 842 395 34 831 659 452 569 223 191 40 880 813 80 610 669 891 143 202 161 147 103 314 690 411 418 485 861 572 365 6 816 595 14 897 898 771 382 899 558 538 69 612 411 281 550 844 857 103 157 183 295 810 589 60 273 579 406 699 449 447 615 132 948 657 948 931 85 324 107 620 720 469 871 884 5 386 69 945 157 1 5 402 821 680 70 803 289 744 111 857 797 365 765 954 945 78 760 449 85 860 884 259 176 194 653 708 825 535 49 761 738 140 826 853 244 159 895 775 466 712 993 948 173 489 97 324 434
8 84 80 3 23 19 55 5 63 90 11 50 69 42 69 78 92 82 37 64 38 52 66 60 52 42 48 64 65 100 75 71 83 16 94 69 77 50 86 92 55 16 86 85 19 34 32 73 62 6 7 3 5 18 88 54 84 48 93 75 88 48 34 3 79 36 76 99 40 85 14 26 38 66 80 16 64 70 68 37 85 2 98 53 37 70 7 15 73 97 22 46 20 34 20 8 56 59 73 41 59 77 66 86 39 5 29 59 64 80 1 92 9 25 77 5 11 70 65 58 63 54 76 64 66 16 31 51 13 86 11 38 54 23 46 27 29 27 39 37 65 49 29 35 93 95 79 92 71 46 23 82 74 11 74 73 68 66 79 16 73 3 23 38 42 81 78 72 68 90 67 6 13 47 51 16 75 81 67 72 42 48 99 4 74 20 34 73 89 88 69 90 27 60 91 71 87 11 38 5 22 36 64 52 79 6 81 61 50 95 16 89 31 78 42 77 39 56 60 41 7 56 90 91 19 88 12 63 69 12 13 24 24 93 49 57 43 45 92 46 65 84 52 79 93 66 33 75 94 75 29 53 98 93 35 50 49 76 49 7 41 98 97 22 44 59 26 57 46 66 70 44 56 94 22 74 62 37 84 46 86 59 72 77 100 38 97 38 13 7 71 55 24 44 48 84 67 99 41 28 87 60 4 89 56 70 68 14 94 35 9 10 19 63 43 44 91 81 57 55 73 66 10 27 24 96 63 30 28 26 73 47 71 44 50 23 19 1 48 28 98 84 87 91 87 52 41 81 42 19 16 68 9 62 9 13 51 44 54 80 11 45 66 8 45 62 39 70 76 7 24 50 52 57 59 29 26 43 15 45 76 82 96 9 65 69 70 13 24 60 97 9 38 63 94 60 27 61 93 90 3 99 59 90 68 71 78 5 9 53 93 95 65 26 93 98 20 95 79 33 44 12 19 88 94 6 97 9 55 78 92 61 10 83 75 86 63 33 30 39 16 62 34 82 24 97 37 83 98 21 95 18 77 72 23 32 60 36 90 49 43 25 9 88 65 59 88 6 80 72 82 15 1 77 56 64 21 78 13 24 84 22 14 65 99 39 77 10 47 100 72 2 47 98 53 32 97 99 34 29 36 9 8 42 48 72 18 63 22 22 30 23 51 83 30 80 27 78 17 8 30 78 19 8 75 82 23 58 91 62 19 73 72 75 66 24 92 55 64 31 6 5 22 59 52 6 88 91 17 13 92 78 13 47 94 92 31 50 51 24 34 12 81 72 98 37 88 97 74 81 65 81 1 14 91 98 56 91 41 8 96 46 81 32 63 70 94 93 9 15 83 50 53 20 96 75 100 50 70 34 66 75 80 45 50 61 33 30 31 29 96 23 79 53 34 49 96 15 6 100 57 53 21 91 91 40 59 33 78 28 10 70 11 3 51 53 7 30 48 36 75 98 76 77 54 30 90 94 59 82 33 53 90 15 87 41 96 21 47 68 96 89 82 62 100 56 65 53 54 73 47 21 67 44 56 56 50 23 24 15 82 51 17 98 2 74 2 76 70 16 58 12 46 22 79 29 42 88 11 49 98 49 3 71 42 83 9 2 62 18 70 41 85 48 31 83 5 69 8 75 26 23 11 26 83 11 15 14 69 44 7 82 83 27 45 12 8 36 64 80 82 61 72 69 94 43 97 12 52 27 81 53 67 79 87 2 39 39 17 19 98 61 36 83 85 32 79 94 18 9 32 15 88 54 57 33 4 80 87 85 86 26 9 57 48 55 94 65 29 59 51 53 49 96 53 67 41 32 81 29 27 25 6 19 58 66 63 55 24 79 90 75 79 12 83 11 90 1 78 9 41 54 63 54 48 87 62 44 84 93 35 41 71 65 39 41 17 38 14 31 81 21 59 1 32 21 66 46 4 100 79 22 97 86 25 16 74 56 26 69 43 73 39 63 37 82 82 23 16 51 91 14 89 63 4 17 41 80 41 69 61 32 35 68 94 61 6 46 89 32 23 6 15 60 56 48 30 62 2 22 82 6 96 95 40 32 77 33 100 56 75 82 35 36 85 98 51 13 10 8 100 91 87 29 96 79 53 94 51 89 7 68 94 79 19 2 7 69 100 74 35 83 13 69 24 88 25 71 17 73 75 84 97 48 38 41 80 79 79 22 67 56 60 94 73 73 1 98 36 11 77 83 23 34 41 82 87 62 28 14 91 99 8 36 37 92 66 45 80 80 69 16 36 29 97 25 21 53 69
5000
1541 2149 1 852 1058 4 4 1 9 10 4 4672 4 12 1912 15 1058 1808 2717 8 1 1667 801 3538 3177 20 7 453 7 3833 2717 335 10 1937 1613 2849 4188 180 37 37 18 3960 10 817 3397 1467 4030 28 4687 822 291 10 49 475 47 45 56 4819 4 2657 58 7 3764 1777 37 14 1554 895 27 22 49 2497 765 58 44 14 47 245 2365 46 1456 887 2531 973 1891 2774 655 2626 57 2222 2430 1058 6 3382 34 6 53 1572 12 76 78 49 30 70 78 1467 1287 86 6 2919 1688 110 2913 463 47 688 59 86 731 3383 34 3385 62 3038 461 15 1965 1614 75 77 751 99 102 40 31 1891 94 96 124 373 4763 106 44 4469 4384 58 28 124 4656 649 1572 2816 2906 1910 761 261 2900 4538 2913 136 1187 2974 37 9 1150 78 49 100 15 2974 4848 164 202 42 217 1058 3843 3219 4866 1688 147 1189 2136 4197 131 60 76 2906 1490 798 130 4958 2220 2913 54 2849 186 2844 4527 103 122 1206 2674 4655 1901 4 133 4913 31 1189 40 168 185 3745 271 2220 72 104 745 1361 182 168 529 175 37 1189 749 3219 1189 44 152 4545 1869 20 579 300 3545 161 94 1565 2849 1693 9 12 198 238 1391 861 3843 12 194 3397 2906 2053 1108 2974 2880 144 405 149 194 661 120 127 86 100 148 3894 67 942 1719 229 815 849 41 269 207 210 109 58 1189 1724 225 147 41 37 81 58 4913 217 2974 122 1189 129 129 20 1044 993 63 817 3397 76 186 739 219 581 161 53 731 2050 2023 168 3803 309 4171 163 1733 122 129 277 2738 2849 1290 94 1769 96 1737 267 163 10 3902 198 1043 47 198 4545 148 1891 75 58 4776 3904 1216 281 2329 170 147 1918 195 3385 297 3843 266 533 304 1056 209 188 617 342 2828 14 295 336 4317 4717 304 1930 4776 242 2970 4228 81 1730 732 343 45 359 3545 1467 195 3286 2312 62 107 246 7 4848 280 879 363 1244 363 218 171 209 2339 4321 841 266 2675 392 214 829 269 817 479 1248 138 3745 37 212 1737 60 443 4902 2741 2033 152 129 731 254 152 404 1143 979 406 198 580 90 2674 148 306 361 242 75 3076 1017 1797 911 2648 1837 1029 1349 189 2801 397 2083 171 962 401 4717 1338 1667 1076 833 2755 66 1229 329 46 489 4338 575 310 182 240 41 67 435 78 27 1304 134 798 233 1598 143 307 436 2050 103 264 2674 428 4197 67 4837 2281 67 337 66 28 681 755 3383 1891 2974 380 333 325 373 2913 341 419 270 2805 592 3628 3675 577 2780 18 1934 53 342 3906 1017 359 337 3253 122 1962 403 4010 227 1031 1467 226 336 1441 259 3546 1930 64 568 3782 4018 979 3920 4317 1304 211 366 47 540 147 4 291 9 1980 2196 77 3833 1892 3286 119 2074 210 334 3846 561 437 749 308 526 400 446 3003 1626 32 784 2300 4318 708 172 367 226 161 246 516 4063 3301 361 4228 2043 100 527 3545 1017 94 337 3514 4 309 1320 1041 360 223 83 1058 362 427 2880 4825 14 228 337 406 1672 130 182 229 1110 3045 3833 3782 1238 272 433 2906 2195 4718 593 1258 531 550 1254 378 494 1153 759 144 191 245 4808 1269 2236 3397 4228 556 555 4771 827 383 681 592 504 4432 135 268 3146 40 428 622 3497 2633 187 114 179 1032 243 373 1211 653 4655 2445 278 46 531 2303 272 336 341 3274 4645 4771 81 254 3843 1254 1340 538 529 244 3804 3788 360 515 587 916 2717 21 502 313 419 575 268 2026 1114 47 2273 1688 109 22 400 2463 645 1190 1918 4766 2999 533 1373 54 466 471 114 122 581 2998 4010 4768 78 363 98 328 829 32 272 540 2553 3293 110 3764 286 1264 1477 2383 311 712 422 739 229 1262 267 2717 1029 2420 624 259 580 4834 417 533 102 171 1011 93 388 497 4545 405 4902 386 498 1196 1228 1846 266 685 2338 349 512 1088 191 476 853 266 702 2273 2103 1189 62 2797 3219 3909 4059 1486 361 428 2785 593 94 3995 42 4717 2011 3960 587 652 620 336 4112 311 267 1121 1688 4078 378 480 2828 186 964 533 8 450 649 412 741 739 396 898 321 648 229 63 63 4615 2107 498 343 392 526 482 235 229 358 1167 11 716 993 535 587 277 3301 173 514 266 313 1930 4416 2541 402 684 758 211 535 219 1975 3578 491 4807 4207 665 1510 1502 2531 816 561 2354 3077 1990 851 3647 230 763 581 4323 4851 309 664 281 196 487 63 1614 498 924 4321 815 596 1241 247 701 767 555 1017 4416 281 303 3915 825 656 325 475 70 629 43 652 4178 742 379 30 77 3397 20 878 721 886 505 1589 905 4010 2001 889 429 852 477 54 1916 301 349 1614 586 921 492 2381 170 2319 79 4149 772 1261 4467 1962 1084 464 1044 1258 2531 512 32 775 2338 365 3926 921 2422 1291 1376 4882 261 173 106 703 2705 198 147 1247 4960 709 830 3902 172 4078 1621 56 253 253 3680 3233 3199 4078 118 471 923 3153 112 3340 951 181 514 1795 626 4188 2869 670 523 3375 1017 1693 1064 64 2668 3721 725 526 323 243 858 975 2052 105 483 72 1579 922 965 99 396 2406 1271 614 697 165 2944 3894 665 977 2111 265 952 2555 1334 458 71 431 708 4771 1249 66 211 1561 742 86 1571 2029 1028 646 244 706 622 964 24 720 1 1358 542 1056 3219 828 603 3118 218 928 2043 1871 2880 4913 555 127 17 3542 186 291 3146 3902 3293 504 627 764 955 944 2785 895 2727 165 3712 612 1029 1271 607 557 1373 4672 2155 865 584 2785 2589 762 2033 2015 105 977 433 1066 102 323 3760 2060 4982 2341 59 194 845 489 1930 1456 1783 3167 4960 1167 833 463 4645 2913 2880 2220 497 483 4514 4432 1935 212 1835 3236 333 953 237 222 56 610 1158 1337 1514 1769 186 2155 774 131 662 2235 2188 173 286 141 474 164 705 843 461 2481 4367 1876 1074 1146 2555 1369 1888 31 196 3127 681 734 369 744 4430 194 1100 3915 1087 1940 511 834 294 28 268 195 1568 774 349 4690 2913 709 1243 731 590 3770 138 2681 1595 1168 608 3703 3770 105 2743 304 2913 3915 335 1016 590 3849 1126 3953 531 742 2849 483 461 1132 292 958 3833 243 766 2912 1281 614 844 4493 925 1111 209 1200 146 286 421 45 653 46 76 70 850 253 979 2576 1374 41 433 210 3287 3647 98 131 1107 2798 627 4717 3894 699 1807 4085 3782 5 4207 77 3371 708 54 3995 197 1261 875 389 1271 2303 739 849 645 4436 1688 470 840 2266 1375 863 3858 446 763 471 425 1729 2547 1056 2536 1253 886 182 15 20 726 2664 2251 4973 2481 1892 1419 1103 418 99 309 1170 1133 634 1306 734 72 1250 3258 197 104 2633 197 317 1194 15 1487 1228 854 866 1186 704 18 2908 1722 152 3560 1978 1080 2944 2708 1268 2121 672 1339 1637 314 3688 556 480 517 1217 1693 373 1188 1338 2833 1477 4514 285 404 1083 669 3297 2852 1571 680 479 15 610 1085 287 514 3902 739 4837 4538 66 884 12 2828 481 42 1062 987 1139 1814 400 1273 58 1419 1202 3565 1085 1474 749 425 737 386 2111 1084 4246 1631 918 3145 1629 110 2505 485 116 192 1324 1694 59 2582 2338 1401 1713 1379 595 4902 4960 753 4140 1206 1801 2036 887 909 1270 338 720 4743 566 4655 726 468 197 6 222 457 1213 3480 1082 954 4808 704 2101 288 907 350 1454 297 1186 680 481 903 849 2161 4902 1672 2717 110 858 1431 891 1367 4103 377 2780 2149 120 1028 867 3218 174 1220 903 557 348 288 884 1181 895 112 1269 2792 524 546 301 2849 856 1465 194 392 2747 1444 181 584 498 148 1891 655 1030 170 1029 20 1334 239 118 57 3337 436 3926 1402 1197 4808 977 1368 122 1164 3083 4718 4763 1625 2896 472 4093 1572 1284 954 285 575 325 2059 327 221 1281 2536 425 4197 1726 784 3967 4564 3618 4199 1459 1195 915 185 1054 697 1471 2479 4029 978 397 1445 302 1121 493 977 2079 609 135 3286 1384 560 64 1580 120 1324 310 3214 1266 878 2008 2474 971 4561 1177 2053 557 1409 1 2830 3616 273 660 1335 469 2839 337 1094 3931 146 1044 945 106 551 2607 1186 602 924 1029 1026 39 1 295 1133 927 160 6 728 703 784 100 3357 649 388 803 2765 1559 3569 836 1449 726 1142 1795 3567 1538 1050 649 1040 3514 297 572 2341 681 2068 1457 1564 807 758 764 916 1506 3711 2160 4771 950 1171 217 1502 2548 630 1992 1606 827 866 915 356 1596 1587 229 2651 1384 3149 593 301 176 1347 205 1258 4990 3282 1458 2798 1301 3221 3894 1 1012 1011 487 1258 30 3741 1144 1173 767 452 362 1209 656 419 936 4782 176 182 1277 350 569 2971 482 458 198 470 1060 1142 2944 666 6 3275 4362 2276 728 227 1664 667 2506 3771 40 759 2882 847 3038 1407 1337 1055 10 646 226 34 142 365 857 1081 1603 793 2071 3377 213 3099 1614 2009 1933 251 4513 669 695 329 913 292 2219 284 1121 1202 545 563 1354 64 1789 4 110 136 1481 718 1918 841 1651 1380 1708 1119 1547 777 4207 1108 1643 3465 1437 496 1944 1725 1700 1658 1621 3881 4318 4151 289 1512 4545 189 3121 900 2275 52 477 2229 129 173 504 839 4333 1699 231 359 980 2461 1444 945 469 1334 858 1108 228 480 1370 1268 969 827 1546 1383 415 1651 3730 1211 388 2110 965 2499 2417 1038 1239 3616 3370 1459 1574 2110 1640 4127 1356 1748 1133 588 578 2114 2636 459 1802 1547 767 992 3377 1307 3745 532 1321 51 418 240 1419 1322 1134 971 980 1273 557 2717 370 1053 856 3770 139 798 266 1875 218 835 1249 1344 1010 4125 2849 66 652 2475 2311 1026 1015 367 4488 1391 4488 841 946 1092 127 1918 2200 1329 2097 1240 302 501 1649 2809 57 945 120 1058 836 674 922 543 3041 1319 1062 30 2651 90 3579 27 1913 610 3622 1614 1865 2826 1071 4010 720 230 4228 3567 385 1138 551 1924 1009 557 4149 661 947 1106 1643 63 888 1688 622 517 2450 2362 4433 37 4969 2218 1543 41 1529 1615 3915 420 1782 1947 4902 4969 561 1160 419 4436 1937 253 891 131 1435 1220 3966 3255 1482 2290 1635 393 1693 748 4564 1130 803 604 401 311 1643 2290 124 358 2839 1833 649 3544 361 556 1015 254 1891 132 195 1758 610 479 1502 185 2681 1691 389 3843 1176 3512 2541 1205 28 618 1072 1082 4333 2225 388 4386 2130 310 4718 2196 992 3536 2042 294 784 858 406 201 1997 4607 1253 749 682 1697 623 267 1 84 1361 3730 1894 127 2037 590 1426 501 2303 3496 2074 154 701 76 660 1066 3253 521 1062 1448 1945 2531 72 659 1643 816 1752 3926 1900 1688 1321 3099 1451 1621 655 4045 658 1811 1824 4890 17 554 3283 296 680 99 2913 1054 4717 695 910 3142 365 564 59 774 697 603 274 1447 2275 4188 1328 611 4010 4488 163 1106 1698 1218 1074 4491 3385 586 148 680 2665 359 3833 1955 931 3319 1292 1919 1829 1320 1767 4766 17 2331 2959 1684 2084 289 626 147 1679 327 309 2061 2936 4960 342 925 857 944 375 269 1899 637 1497 1999 1 1564 1773 503 274 985 985 3688 66 106 630 1 1435 1768 1935 1220 1413 1808 486 1467 856 637 3546 86 1346 2098 213 469 3960 231 723 8 143 1468 679 1861 1808 1794 1593 4990 1627 222 733 3906 2103 1063 4232 527 240 1092 1138 817 4902 701 1078 646 688 459 1278 3805 335 1486 1890 2132 293 458 1910 4491 2844 403 40 2177 1968 453 1 1284 1236 3514 404 1539 3307 1700 34 876 4625 1146 400 1779 2444 1611 3480 523 266 631 3199 2136 2701 1616 1426 2187 931 1258 1681 1413 41 2594 524 2087 816 2533 696 1724 1986 1877 1917 1818 1263 3146 1833 86 682 3236 464 1939 4022 1731 279 2258 75 1248 391 968 1881 363 415 931 1092 1932 502 1080 1629 2735 470 2615 359 62 1175 567 2176 2070 222 240 343 286 51 1107 1498 105 591 4421 2069 2421 3286 594 4605 1361 481 140 2830 4982 2583 1402 826 4675 1146 2093 4416 1279 3754 2007 4199 335 663 615 672 368 4866 213 626 2952 2505 719 1094 1460 1785 175 4882 1081 1664 405 2300 400 1324 224 2654 798 1471 2239 2364 2022 3283 23 1471 2982 1027 1981 52 1805 252 3346 1328 1346 2043 3648 2440 905 134 1638 270 2090 4550 2137 2861 1496 390 1254 2241 4752 1652 834 2481 134 817 1003 3754 4364 552 1127 2138 313 937 175 2388 2793 4386 2186 1325 866 4071 2042 186 1456 816 2042 3596 1932 4299 996 1327 577 809 363 2436 463 1660 479 4995 1378 1840 238 1019 500 1444 82 1625 179 3888 1353 4362 4150 226 4834 4498 4848 2974 2029 1884 1073 1156 67 1204 4235 261 765 3319 98 4545 732 575 2302 1125 3339 3385 1298 1319 884 1208 1004 2267 163 1042 2381 594 1334 67 2491 1127 2315 2243 1235 3827 362 2871 659 1907 2444 3485 77 1807 1455 1081 2386 743 1547 1948 677 2448 254 931 3825 944 4930 701 2473 1641 227 1121 3911 872 834 752 1035 1737 2047 3894 2327 1807 4501 1555 2512 2212 4746 662 1375 2771 4332 207 250 847 1544 543 3969 1879 2415 3397 2135 54 196 1158 323 648 143 957 1614 267 2158 1498 786 1764 1514 2153 225 655 2337 1702 765 2491 1738 1889 1332 692 855 3287 4900 558 3782 1016 828 2737 667 728 2187 735 623 2302 1046 2093 2579 3872 1526 2655 4059 122 2001 3545 2913 986 1404 176 2499 3594 15 2055 291 149 2787 653 2338 389 3926 458 280 2158 71 9 3417 923 4933 140 1920 664 59 1876 1766 841 736 992 2435 1815 1233 1094 812 2170 1812 2918 1703 2079 696 689 1797 1619 560 1441 2308 1651 635 10 69 99 1063 1881 1085 2499 620 2592 4197 4110 928 1645 2819 185 1474 1061 754 1230 167 63 803 103 303 519 1865 419 2397 1503 309 1983 761 3610 196 1067 2579 3635 835 2834 130 3711 835 968 1368 2136 2935 843 1544 1428 405 70 2826 1917 630 725 2432 1497 1215 1891 1973 887 408 1058 376 1557 724 168 1213 1922 3741 2720 2070 75 4547 301 2453 2669 131 2065 285 209 1082 2446 2651 1961 2107 141 147 1863 2431 393 4630 4690 2266 2273 1355 3592 102 1737 450 1930 2966 1065 1771 2906 3965 2681 4717 2391 1875 670 2716 1294 2834 745 2442 731 1635 412 2603 2237 517 854 3462 544 2734 1227 1510 313 1820 97 424 1572 1529 945 130 2136 1034 1781 825 1234 42 3915 175 1479 1034 929 3889 951 2196 2468 2483 848 307 2362 1110 1054 2590 3057 1265 4538 2065 1935 791 96 355 2015 2578 2574 3991 1703 504 1796 4902 2128 2935 899 1738 3121 1481 2308 1806 1650 1298 480 964 2365 2009 2588 277 1557 3242 232 1867 10 253 1499 4503 984 2335 823 77 817 2701 2982 792 748 949 1869 1924 1977 281 154 952 704 708 1064 2847 2519 817 3282 569 3546 4607 127 2463 1022 1394 86 499 3764 15 3669 3146 2381 666 261 1495 2232 198 1889 21 2299 2681 1029 2882 2117 749 2151 145 2707 81 2546 2629 2139 4941 321 2234 66 2079 1918 444 1086 1535 1529 1448 4782 1252 4739 1436 482 966 229 1284 2518 2738 1912 1401 193 2432 1294 2463 4514 1227 556 2896 3815 170 968 2735 2641 1539 3583 890 2556 1851 2707 949 4953 2728 1141 2733 707 1683 3199 1835 961 802 2129 4686 173 339 929 1884 120 635 1482 2618 1125 71 405 2284 500 106 4747 2401 2236 3255 1664 2410 3728 1352 3298 3756 3224 2806 2862 4199 2536 4072 1052 4218 1761 1886 965 591 3754 9 2283 790 1048 829 4388 3397 159 273 2301 3099 2174 1719 2476 1761 558 215 481 731 2735 2213 2720 4051 1338 1351 2771 2181 871 2926 1469 607 782 2771 561 3486 1768 587 752 191 459 1130 348 3741 1056 2184 488 3696 151 327 2734 1288 2424 654 572 4433 1050 688 1196 4401 3858 2142 1402 2123 1145 1034 609 1509 704 1571 1556 44 2981 2100 63 219 2933 4218 512 165 529 1982 343 4432 1535 2991 725 4625 2625 475 1545 774 2452 2665 587 728 1576 952 1795 2296 189 233 356 2389 38 1237 1024 3849 266 2603 1781 3618 1331 1347 300 686 2589 758 2757 1510 31 67 2415 518 428 1307 246 1048 2062 1366 533 587 4629 741 1020 1485 2085 495 235 2821 1881 802 2819 1680 2696 1579 2900 1510 1457 4071 245 2801 620 307 1359 52 1002 1038 1932 32 1008 3100 1134 1624 3224 2779 2921 266 1832 775 554 904 612 3044 2234 1680 3129 4242 1528 1321 2131 949 2599 2335 1905 681 3061 3149 4939 114 2283 1025 2575 2144 2330 1928 270 1959 97 2834 2033 461 3017 550 3061 2592 1756 3062 861 2704 3288 2901 950 1394 2783 1287 60 205 98 1636 264 2101 4771 865 4242 3093 2831 824 556 1997 803 1168 1043 1087 3995 259 1520 1206 2724 2644 1802 112 1900 2779 949 1184 1094 1979 1955 2779 953 1487 40 1806 433 1581 1847 1807 1252 4848 1781 2301 3124 1447 1369 967 3829 2943 1749 936 2866 3669 1967 45 4221 147 2396 1902 3153 1592 2383 1237 2500 2554 2453 31 1293 1508 2830 1944 932 1491 665 906 1484 833 567 1005 817 1596 581 2091 770 2372 2712 2963 1733 247 1672 3022 2555 2384 2463 4294 4310 2432 320 101 981 4682 1866 1529 2869 3930 2131 2220 2499 990 546 1657 114 134 4247 4656 2683 161 1815 4636 2716 3015 2679 3188 1937 1638 2487 361 4157 1088 4199 934 809 626 2324 1516 4748 4663 872 4184 201 4819 732 770 1800 1808 2594 2151 1505 340 263 1402 1984 198 650 1776 1905 1754 1229 3245 219 1489 2802 2000 97 707 173 1371 4614 490 2566 2994 3639 2659 1915 309 235 1551 1058 579 2296 912 2815 3250 3275 2682 3287 507 1029 3381 4704 481 3202 1344 2282 211 2193 3095 351 2595 996 3805 695 1389 3226 4994 138 4068 376 4514 602 749 1201 3861 3304 1846 4063 1737 429 2292 4178 1946 4 495 2428 2090 256 168 21 4110 1062 2679 2430 1151 1015 1357 2886 3177 1413 1609 1907 1548 3159 4228 1500 4093 3526 3335 603 3397 311 122 3027 4469 1444 2468 1304 3380 624 2921 1662 4630 828 4684 2212 1320 3545 684 3146 3483 4318 2907 302 643 2700 1465 1571 4915 4714 1838 202 3455 3368 2516 3275 484 4475 1810 1630 2125 3125 3484 3100 844 2820 369 2532 1265 2032 3301 517 1334 543 4812 2845 1473 1002 228 654 4763 2460 237 964 1947 4076 919 3830 381 2310 2862 294 1933 1414 582 1740 1714 139 461 1643 577 2775 1621 869 3997 2720 4776 3483 487 4812 2313 1330 4730 3241 2465 1363 3099 1027 1439 42 730 227 2566 40 1397 2315 1363 3559 3079 2783 2063 1876 1695 3138 2992 58 260 669 113 3331 2125 1258 1270 656 4467 209 3307 1224 3648 600 2174 1535 53 561 1480 3374 1431 932 2218 1909 2034 389 2284 3965 651 3077 2327 397 251 604 726 2267 3858 933 567 3121 2841 2493 71 4029 11 2138 1285 2628 2718 1829 2646 277 2467 3489 860 1335 1603 352 2736 2733 1818 1422 1600 173 3881 3583 3274 2462 3278 554 538 642 3104 3293 1345 3688 4691 228 2169 909 4548 521 3911 466 2668 1638 752 2500 2843 58 434 423 138 2762 4974 615 301 1409 811 2133 2913 2878 1051 3035 288 732 590 846 943 376 2415 3233 3360 4290 1057 469 1978 3348 3770 1002 2551 3989 173 504 997 348 2135 4807 2170 2111 2020 1214 953 404 3500 310 4868 1473 608 1572 2066 4973 882 47 1463 1658 1108 947 2800 104 2490 625 3427 2877 1966 744 548 301 2288 1661 704 3894 953 1005 4346 617 602 3616 4269 946 1572 2219 852 1570 3411 4405 425 2024 37 3253 1 1170 3143 2770 2849 3180 429 557 914 1790 3722 2528 1148 2992 2650 3701 2752 1938 100 1538 968 257 1421 2987 4247 4564 73 235 1396 3717 487 3328 10 294 90 522 2604 747 2654 56 1922 1324 3691 1177 1933 3659 1707 1222 512 2389 1969 1108 2686 1182 613 1331 661 314 477 3587 1629 966 1317 721 3449 1119 52 1606 1709 10 3528 51 2305 333 2624 2816 4431 4860 1438 1467 3599 3081 834 915 3665 523 2173 2008 1504 2413 2323 1724 3206 2703 2785 2085 1294 1675 2209 2072 3448 2828 2408 1793 600 3136 1565 3612 603 1248 224 4638 3947 1466 2113 811 1604 297 3834 68 1211 2427 2207 1407 696 311 4079 3557 533 443 3441 1742 2076 58 2486 3792 2579 3888 731 4714 215 1909 102 2284 2001 1614 2355 172 2354 3401 183 945 2508 4554 3584 2770 406 2195 3283 1448 3465 1381 286 1415 2606 4538 3121 141 2808 1140 217 1074 2201 83 2100 1529 1316 1930 1061 3266 4029 2610 1734 27 1458 2599 897 894 2175 2008 57 2387 3701 3286 1383 233 296 4421 1025 3704 712 169 406 1112 404 958 2603 2204 243 3475 3705 3959 686 1144 210 1186 3909 2161 4068 921 459 112 2680 1812 3831 1651 2095 1038 437 569 4933 2906 719 1734 3679 144 1293 2488 1717 4200 1510 3428 1535 500 1179 3696 272 2787 997 1467 961 1539 4435 901 46 4501 637 4277 3579 3397 2548 985 358 552 2256 202 4421 1285 478 3787 275 2525 3755 687 3872 2678 1841 79 3708 3705 1178 2508 571 3183 2470 1500 3513 1251 3962 2247 2568 3404 1053 697 2141 1198 662 2259 2385 102 4854 1668 2398 1048 1057 164 2453 307 2589 669 352 3955 2685 671 45 3824 3132 2138 2138 3309 3818 3886 1915 2946 1148 2439 3224 4388 4 205 2467 756 2656 1700 1026 1844 1071 3207 4656 1726 2800 2299 4041 912 3944 4637 1220 1661 3006 3922 1485 3348 1467 3889 641 1047 1840 3941 2746 4739 2479 4126 852 289 798 1966 594 3013 2621 3456 3238 2970 4332 3269 1194 4444 3467 498 314 2126 2021 2631 300 3302 3572 1456 2463 891 1361 1921 3269 3529 3321 1859 245 3646 3644 2866 4981 4010 1310 604 4102 2115 2983 437 558 2409 298 599 1913 2664 469 1953 1604 2965 364 824 1798 2451 144 2965 2511 2025 560 664 3383 450 4021 2396 4988 3088 132 71 2447 1827 906 1666 1908 1457 1818 1604 1125 1693 3621 4152 219 693 1436 1714 2863 2346 1085 1567 119 3036 232 1504 702 732 4168 3659 3111 4688 118 2444 1229 3530 1399 674 2500 2810 2050 1855 1917 1952 508 221 730 408 4554 1051 143 4318 198 3585 3348 2487 170 4587 1365 3737 2509 3383 3339 2466 3006 1112 1843 1808 944 4782 250 3961 3349 2349 1378 2120 951 2925 3456 2906 4091 66 861 4024 3434 2036 2735 2235 779 3672 2828 1548 4530 3101 3900 1703 774 575 571 2752 1574 2000 2098 290 4592 3848 1371 2313 1778 4300 4468 2467 3545 4208 904 387 636 802 1171 3789 2281 57 20 2124 2419 259 1752 3369 4057 787 1682 3919 1724 1198 2564 4547 1188 212 3526 3191 735 1367 8 1599 3413 4554 819 2268 2722 3937 2812 3855 418 2664 1605 3850 3936 2574 663 3699 2737 2326 679 3129 1880 1255 3668 176 566 3245 498 507 4169 1805 141 2847 1998 2493 4031 1584 1417 2903 119 842 2396 928 1018 165 167 2303 958 2577 2338 817 3028 4321 4385 3044 3441 3965 2080 1374 3504 188 4362 242 1749 1011 3641 596 455 65 155 2276 1116 924 304 2596 719 1880 662 2659 2252 303 1222 1750 1800 78 4592 2068 1288 3654 3881 1124 1772 462 198 2475 3764 3453 908 811 1360 2755 4436 1752 3288 859 918 4101 2233 2012 1826 2016 1046 941 1611 493 2889 1125 3440 2735 3424 3195 2628 529 2880 3370 3500 2344 4 560 2331 1441 1884 1689 917 1731 4081 3875 888 3260 3742 1530 686 3613 3928 2859 4104 1942 1322 2375 67 1700 556 273 3558 4048 1243 334 4262 2810 245 3204 1437 471 4387 98 2171 3565 4260 883 3430 2362 1998 551 2795 947 3843 100 2482 3056 3532 3958 1229 1973 2159 1161 1676 1680 3577 1517 4089 1998 2595 759 2486 1615 2390 3379 3701 1256 1310 1414 579 4522 1636 2527 3526 67 3120 463 2301 120 3863 2794 2397 3609 756 1114 2121 2537 1298 2029 3631 462 2184 885 427 3111 489 1985 1189 341 2150 4062 659 1243 4221 851 4432 4075 602 2025 3159 1422 3327 4422 1707 2599 4266 1137 2012 4747 742 3540 4 2583 4343 3317 1992 1008 1741 3616 302 1319 1252 140 1282 3951 1100 741 238 1468 4196 1827 392 3117 1279 237 2479 4553 2483 3119 2853 2241 1499 4014 3803 1827 1524 3341 3749 2375 459 1247 2708 831 1750 1900 1768 582 192 1690 4257 3761 3415 4771 4690 708 3850 4377 3972 846 2375 2580 2512 3614 230 3833 1561 1832 3771 4965 764 3362 4941 1982 3466 523 700 1 1835 4105 1346 4062 1828 1322 4195 3932 1658 4331 3558 1586 3228 2383 2186 2501 3493 1956 452 3553 4600 3427 247 105 1079 2232 4639 3738 541 52 4794 4551 3887 2022 1089 713 3453 2211 593 3593 1656 578 51 2550 2985 3818 734 10 3457 3286 396 316 3493 3109 2860 2660 2398 2096 2981 1390 1401 1659 4564 2900 4340 1130 2286 3447 3694 2029 4411 3686 2816 1260 3371 67 3652 4923 198 1986 3385 3636 28 332 2705 1320 1451 2538 339 3779 1782 2780 626 4982 202 2674 985 997 59 3948 374 379 1543 22 3959 84 3164 1642 4717 849 1417 1279 2326 638 54 1611 607 3411 3304 2376 44 3669 3143 3902 2561 318 3377 1897 1621 3908 4421 2058 375 4251 4642 962 2141 4542 1783 3894 503 1454 2354 1258 1625 3188 97 1893 2691 3186 1932 3833 4169 1919 884 3201 1547 213 61 1069 866 830 329 2345 4034 2356 4921 1700 4085 201 303 2193 2990 1149 3840 2648 3618 509 1581 1915 1876 4302 1814 4242 274 1749 228 2522 2225 1153 270 2518 463 4231 1966 1207 2998 3758 30 2255 62 587 716 4388 548 2135 3355 423 1594 1992 1698 4689 2467 597 2705 2460 3546 911 2776 705 1139 1535 321 2494 1563 504 4340 511 3349 1937 3311 348 4807 4606 34 4185 4793 2749 2134 1786 3565 2660 2820 3998 4517 731 910 4895 4964 336 1798 4376 1207 205 1043 674 3361 2453 2356 1898 1705 4901 927 900 1227 2043 678 964 1777 2462 3514 1041 816 1815 1757 1313 4849 2546 1234 2591 4999 4485 1039 465 2565 76 4317 4653 1365 63 238 1379 607 3125 4225 2856 3018 1807 390 1595 2276 724 2548 590 3914 279 1969 4433 1763 3421 4805 367 370 24 259 2501 3501 770 2252 1718 1189 4984 1208 2665 1633 4097 877 3567 2240 2866 4022 631 1532
10 1 8 6 3 2 8 8 7 10 5 6 4 2 9 5 10 10 6 5 3 1 3 5 5 9 9 5 4 7 10 3 10 2 2 9 8 10 10 10 9 4 9 6 3 2 5 4 5 4 8 4 1 3 3 3 2 6 1 1 7 3 9 8 7 8 5 8 4 8 8 1 1 5 1 4 6 8 3 4 8 2 1 9 4 8 2 6 4 6 1 10 5 2 1 10 8 9 7 6 3 3 4 6 4 8 2 2 1 1 1 10 4 4 6 5 10 7 2 8 10 3 8 8 5 5 2 6 1 4 9 1 4 9 9 6 10 5 1 6 6 8 10 9 4 1 7 9 3 5 10 3 10 8 3 9 9 4 10 1 2 1 6 3 4 9 1 8 5 10 4 5 7 2 10 5 8 2 3 7 5 4 5 1 2 1 5 6 8 6 10 9 3 8 1 9 3 8 6 2 3 1 2 6 6 9 6 4 2 8 1 9 5 3 9 6 8 6 4 9 3 5 1 1 5 10 8 5 2 3 5 8 3 1 1 3 5 8 8 9 2 8 2 8 9 6 8 1 8 5 2 8 3 4 10 3 6 3 4 1 9 4 9 9 5 5 4 4 6 2 2 1 7 2 5 4 3 7 9 9 2 8 7 3 4 9 10 2 2 6 7 9 2 9 8 2 6 5 9 1 5 2 3 1 1 1 5 7 1 1 8 10 9 6 7 6 1 2 9 1 2 9 5 8 6 10 9 5 10 2 4 9 1 8 4 1 3 7 10 8 1 3 8 8 4 1 1 5 2 6 2 6 10 7 1 5 4 7 4 7 7 7 7 4 4 3 5 9 2 8 3 10 1 4 2 2 10 4 9 2 8 10 7 4 1 6 9 3 1 4 5 1 2 4 3 6 4 6 9 8 10 4 7 6 5 8 10 8 4 9 8 7 3 2 4 6 8 7 9 7 9 3 5 7 2 4 4 10 2 9 10 3 8 2 6 6 10 5 5 6 7 5 3 9 5 9 4 1 10 5 7 8 2 3 4 7 2 1 8 10 10 10 8 6 3 10 4 3 4 5 2 9 1 2 7 9 4 6 8 7 4 9 3 2 5 6 8 1 3 2 2 9 6 4 2 5 4 1 10 8 8 10 2 2 10 9 2 2 7 3 6 10 1 5 8 7 9 8 5 10 1 3 4 7 8 2 6 9 2 4 1 9 8 9 2 1 5 5 2 7 2 3 2 8 3 1 6 1 2 1 9 5 1 6 3 1 5 4 5 3 3 9 6 7 1 2 7 5 1 1 7 6 9 2 6 6 3 10 2 3 8 9 8 7 1 6 8 6 1 4 4 8 4 2 6 4 9 9 1 3 2 10 4 10 5 1 9 3 2 2 7 4 9 6 10 2 5 8 6 9 1 9 6 9 2 2 6 8 7 3 8 6 8 10 6 5 8 3 9 9 3 8 10 6 9 9 9 4 8 10 3 6 9 4 1 5 6 7 10 4 9 10 9 2 8 4 7 9 7 9 3 8 10 9 4 10 5 9 2 9 2 5 9 8 9 7 8 2 10 3 7 5 5 6 4 9 6 7 4 8 9 9 10 6 1 9 10 8 1 4 7 8 5 4 4 9 3 7 7 6 4 2 5 10 9 8 5 5 3 7 3 8 3 1 8 9 4 7 4 3 8 8 9 4 4 9 5 6 6 7 9 8 9 9 8 2 8 2 8 4 8 1 10 7 10 3 5 1 4 7 2 4 6 10 6 5 7 10 3 10 9 6 9 3 9 9 5 7 9 8 10 7 9 9 10 2 8 2 8 4 3 1 3 1 10 4 3 6 5 4 1 2 2 3 3 1 1 5 2 8 2 2 8 4 5 7 7 3 4 5 3 7 6 3 3 5 3 7 3 4 9 6 8 9 2 2 1 1 1 4 8 10 7 8 9 9 8 2 6 2 3 2 7 7 5 3 10 10 8 3 9 7 9 3 7 1 8 10 5 5 9 7 2 1 8 4 10 6 9 9 5 1 7 5 8 3 8 10 4 7 8 5 10 6 1 8 5 10 7 3 8 6 6 9 3 1 3 8 8 1 3 2 9 2 10 7 7 1 9 2 4 7 3 9 1 9 9 1 2 8 7 6 8 2 6 5 1 3 2 5 6 2 9 9 5 1 2 9 4 7 2 6 5 3 5 2 8 5 3 9 2 3 10 5 8 1 4 8 7 6 5 7 3 6 4 8 8 2 2 2 9 7 6 10 3 4 6 8 5 4 9 9 3 8 4 8 2 1 10 7 9 8 2 10 2 5 4 6 4 7 6 10 6 3 2 10 10 6 8 3 6 1 3 6 5 1 1 2 1 10 8 10 2 8 1 10 6 6 5 4 3 1 2 7 9 6 9 3 1 3 5 8 7 5 6 10 7 5 6 6 9 6 5 4 4 7 4 8 6 3 8 10 7 8 6 1 9 1 3 8 3 9 7 3 4 6 8 1 4 8 3 5 5 1 5 7 1 7 6 6 8 9 2 1 7 10 3 3 4 9 2 4 2 7 5 8 9 2 9 4 2 8 2 3 9 8 1 8 10 2 5 1 8 8 10 1 8 7 2 3 3 5 7 6 4 7 6 4 2 7 5 9 9 6 2 6 1 4 7 10 6 10 7 9 10 6 5 9 2 3 7 7 7 7 4 2 7 9 7 10 8 1 4 4 7 7 7 5 9 7 5 1 7 10 9 1 9 5 9 1 9 3 5 2 1 4 5 3 8 1 4 3 8 10 6 3 8 10 1 4 4 6 7 9 4 10 7 9 6 5 7 9 1 7 7 3 2 4 9 4 5 10 1 8 3 1 6 7 1 2 6 6 3 7 7 6 8 1 10 9 5 8 10 10 4 7 6 6 7 2 4 6 4 1 7 2 8 1 2 5 4 5 7 5 6 2 3 6 2 10 4 1 1 5 8 7 5 7 2 8 7 7 4 4 2 7 6 6 7 9 9 10 2 5 8 1 5 6 6 6 5 7 1 3 5 9 1 10 4 6 1 8 9 10 5 9 7 4 1 2 2 6 8 7 9 9 3 5 10 8 3 5 3 1 10 9 2 9 3 8 7 6 4 4 6 7 2 6 6 8 10 2 1 4 8 4 2 4 6 9 5 1 3 3 7 9 5 9 10 4 1 10 1 4 8 3 1 3 2 5 6 8 10 1 1 2 9 4 6 10 6 7 5 8 7 9 1 3 1 9 8 10 9 4 4 9 8 7 4 9 6 7 8 3 2 2 2 8 10 6 1 2 4 9 2 7 1 10 8 3 1 1 5 5 6 2 3 9 3 3 7 9 8 5 8 1 4 9 4 1 7 7 9 9 7 3 4 4 2 2 9 1 5 1 4 5 5 4 4 9 10 10 4 8 2 4 5 9 9 5 2 6 1 3 7 8 1 10 4 8 3 1 9 9 6 9 10 4 10 8 2 10 4 10 6 5 8 6 8 6 6 7 8 3 5 9 9 9 9 1 8 10 2 7 7 9 8 5 9 8 6 2 4 7 10 7 3 2 1 8 3 7 4 8 1 1 1 9 10 2 2 7 8 3 8 6 7 10 9 6 4 8 6 8 1 2 3 7 9 6 3 5 1 6 4 1 7 3 4 10 3 2 7 4 4 2 7 7 6 1 1 7 3 8 4 10 6 4 7 10 5 7 4 5 6 1 6 7 10 9 3 3 1 10 1 3 4 8 1 7 4 1 2 9 6 6 7 4 10 5 7 6 7 6 8 2 2 2 1 7 2 9 5 8 5 9 10 7 10 3 5 6 5 10 7 8 6 9 3 9 8 8 9 7 8 6 7 1 3 9 3 8 1 4 1 7 7 5 3 4 3 4 7 10 9 1 9 5 2 4 5 7 1 7 9 9 9 6 3 7 6 4 5 9 8 5 6 2 6 8 5 8 10 10 3 9 7 5 2 6 7 7 6 2 6 1 5 10 3 2 8 3 6 8 7 4 6 3 2 10 10 7 2 9 7 10 8 2 9 1 5 2 6 8 4 8 8 5 2 6 9 5 4 3 7 4 1 1 2 2 4 4 10 2 4 7 9 6 4 8 1 4 2 2 4 4 1 5 10 9 4 9 8 1 9 10 6 9 7 5 9 7 6 1 7 8 1 6 1 1 6 9 10 9 3 9 8 10 8 6 9 2 2 2 3 3 10 1 8 7 8 7 7 7 1 9 7 7 1 9 10 4 5 9 4 8 6 3 3 7 2 10 6 8 8 5 6 6 7 1 1 10 1 5 3 8 7 6 4 5 7 2 8 6 2 3 2 6 5 9 2 4 6 4 7 6 6 10 8 6 6 7 4 5 9 7 9 7 2 3 10 7 5 6 4 4 7 1 4 4 2 10 6 1 2 1 9 4 9 9 1 1 3 4 7 1 9 6 4 6 2 8 3 7 10 7 5 10 7 8 9 2 6 3 5 1 8 6 10 5 1 4 3 9 8 8 6 3 5 7 1 2 5 2 2 2 7 6 7 8 7 7 3 3 5 2 1 8 5 9 3 4 3 9 3 9 5 4 9 1 8 5 8 10 10 7 1 7 1 5 6 7 3 5 1 9 4 4 4 6 8 8 4 5 9 7 6 4 1 3 5 7 4 10 8 4 2 5 8 3 6 1 3 2 8 1 4 9 4 6 4 9 6 10 1 4 6 4 4 8 7 1 6 1 8 9 6 1 7 2 9 9 2 1 10 8 8 3 9 10 3 3 9 9 9 7 6 1 3 6 8 5 6 3 3 7 5 8 8 2 4 5 2 6 1 8 9 9 8 5 3 8 9 2 10 9 1 1 5 9 5 8 6 8 1 3 1 1 6 5 4 5 5 6 9 2 6 1 4 4 2 5 8 6 1 5 8 8 1 10 6 2 6 6 1 9 10 3 5 5 10 1 7 9 6 9 4 6 3 4 6 8 2 9 2 6 8 4 4 4 5 8 9 2 3 7 9 8 2 5 4 3 3 1 1 6 7 9 8 2 6 9 10 8 4 7 4 7 8 1 7 2 3 9 9 5 2 7 9 1 5 5 5 9 2 2 1 6 6 2 10 8 5 10 2 9 4 5 2 5 6 5 2 3 5 7 9 7 5 10 1 6 8 2 9 4 7 2 7 6 7 8 4 2 10 9 5 8 5 3 10 2 2 6 10 5 8 8 10 10 6 4 3 3 8 2 9 9 8 1 10 9 9 8 3 5 6 8 10 8 6 7 8 7 1 5 6 7 7 8 2 10 9 2 1 5 7 4 6 9 3 1 2 8 3 8 10 2 9 3 4 6 1 1 2 9 8 9 2 5 8 6 2 3 10 2 9 6 10 2 4 5 10 4 3 4 6 10 2 5 6 5 3 8 5 6 5 6 10 9 6 5 3 10 10 10 9 3 9 10 4 2 8 10 7 9 10 9 7 2 2 7 2 2 9 7 3 3 2 6 6 9 10 2 1 1 5 9 4 7 4 9 5 8 3 4 10 4 1 7 1 7 9 7 5 4 2 3 1 4 3 3 9 2 5 4 1 7 6 8 3 9 7 9 6 1 7 1 7 3 5 4 7 8 2 6 2 3 6 6 7 9 9 6 8 3 10 9 10 4 2 9 2 4 5 2 5 8 2 2 3 7 6 7 1 1 5 9 6 8 6 8 1 9 3 9 3 3 6 9 6 4 1 5 4 2 9 8 4 10 7 7 6 8 5 7 7 2 5 3 10 6 8 4 8 4 7 8 1 8 10 2 9 4 3 5 6 9 5 9 2 8 3 2 1 10 7 4 2 7 2 4 5 9 3 4 7 3 1 6 2 2 7 5 2 6 5 7 3 4 1 1 7 10 5 9 2 3 7 6 4 4 9 4 3 1 6 4 1 1 7 4 6 1 3 8 5 10 6 7 9 5 2 6 3 7 1 8 6 6 4 4 3 5 10 9 9 7 10 7 4 4 8 2 1 8 5 6 5 3 2 6 1 4 3 2 3 9 9 7 10 9 7 3 5 7 4 8 3 3 1 2 10 1 8 8 7 9 8 9 9 2 8 5 5 5 2 8 6 3 2 2 4 8 1 5 2 10 2 1 1 7 7 9 1 1 2 6 9 7 4 1 5 5 4 6 9 5 8 9 3 9 3 5 8 10 10 9 8 1 2 7 3 10 2 5 6 3 10 8 5 2 9 6 9 10 1 4 10 6 6 3 5 10 9 6 7 4 5 7 5 2 9 3 5 2 2 3 4 5 5 2 6 10 9 5 8 9 10 7 9 6 5 1 8 6 9 4 3 3 3 9 3 8 9 10 5 1 4 9 7 1 1 4 10 2 6 5 6 8 10 6 9 10 10 2 10 2 10 4 5 6 4 4 3 5 1 9 1 8 6 3 7 3 3 1 9 2 2 10 8 6 2 5 9 6 5 5 5 3 4 4 7 4 6 2 4 6 1 10 9 5 6 1 4 4 7 2 2 6 10 7 10 5 4 1 2 6 7 8 3 2 6 9 3 1 5 6 10 1 8 2 2 5 3 10 8 6 7 3 3 10 6 3 10 5 1 2 9 7 4 10 3 6 3 8 10 9 7 9 8 10 10 10 10 6 10 3 10 9 8 4 3 5 8 8 10 9 5 2 10 4 8 7 2 9 3 10 5 1 10 6 10 4 6 3 2 8 1 9 5 4 8 7 2 10 4 7 6 4 5 2 10 4 9 3 10 7 8 7 7 1 7 5 5 5 6 2 9 7 10 7 3 10 7 3 3 7 10 10 4 7 3 6 1 6 3 7 8 4 8 4 4 2 4 3 8 4 3 2 7 7 7 4 10 6 2 6 4 4 7 7 7 4 2 10 6 5 6 10 7 2 10 9 2 2 8 1 9 3 6 1 2 8 1 7 8 5 7 6 10 6 10 5 9 8 1 7 9 2 9 5 7 6 3 9 2 1 3 5 2 9 5 4 7 9 10 4 1 6 4 2 1 6 10 9 7 9 10 4 9 4 2 1 6 1 2 3 1 6 1 6 1 4 7 1 7 7 8 1 2 10 5 3 7 10 7 4 5 6 8 1 8 10 4 9 1 9 3 7 4 1 2 10 2 1 9 3 2 3 2 7 5 6 4 7 6 8 1 9 1 1 7 9 9 7 1 1 3 10 4 5 6 4 1 10 10 9 8 5 3 9 7 7 9 7 1 4 2 7 10 4 3 2 8 10 1 4 2 8 8 5 3 5 3 6 8 7 10 2 3 3 10 3 8 9 1 6 6 10 2 6 8 8 6 10 9 4 7 8 8 3 1 6 6 1 1 8 7 5 6 7 2 10 1 4 4 10 9 6 10 10 1 1 1 2 7 4 2 10 3 7 4 7 9 9 3 5 6 10 4 1 4 3 9 7 4 2 5 5 8 6 8 3 6 1 10 4 10 10 9 5 5 8 9 7 7 5 4 4 10 1 10 10 6 2 9 1 1 9 8 2 6 10 1 2 1 4 8 3 7 8 10 10 2 3 4 6 10 8 10 1 6 4 5 4 8 6 2 8 2 6 6 8 3 8 6 5 7 3 1 6 1 2 7 9 5 2 8 10 8 10 3 7 5 4 3 9 4 2 7 2 2 7 2 3 6 7 10 4 10 6 4 8 2 3 4 3 1 10 4 1 10 3 1 6 6 5 2 1 8 2 9 8 3 10 7 10 10 10 9 7 6 10 9 8 4 10 6 5 7 9 3 1 7 5 3 8 1 10 1 10 8 2 5 3 2 10 4 10 4 9 5 9 2 1 4 1 1 8 7 10 3 4 7 4 6 9 3 6 1 1 8 7 10 5 8 7 10 3 4 10 1 8 10 4 1 9 5 8 4 3 7 10 1 8 7 6 10 8 1 5 2 6 4 9 10 7 1 6 9 4 7 10 5 1 1 3 8 9 9 3 3 8 1 8 6 8 4 2 7 4 9 3 6 9 3 3 8 8 10 4 7 9 5 2 2 8 3 3 3 3 8 4 8 2 2 4 10 1 2 6 9 5 2 5 7 3 8 6 8 9 6 8 2 8 5 5 7 1 7 3 6 6 2 3 6 5 4 5 4 9 7 6 10 2 4 8 2 8 3 6 7 1 2 1 2 4 1 10 10 7 4 3 1 5 9 10 9 4 1 5 5 8 9 1 4 6 5 5 10 4 4 1 10 9 9 7 6 4 6 6 7 1 3 1 7 10 1 8 3 5 8 7 10 6 10 9 3 7 2 6 5 1 9 7 2 6 7 3 8 5 5 2 1 5 9 7 8 1 5 6 5 6 10 7 9 5 4 1 3 1 9 9 7 5 3 9 5 10 10 1 10 6 1 5 6 7 9 9 3 1 10 4 3 4 5 1 1 6 10 3 2 4 6 3 4 5 7 7 6 7 8 1 4 10 10 1 8 2 1 5 7 5 9 7 7 9 10 6 7 8 5 9 9 9 4 2 2 4 7 8 10 9 4 1 8 3 2 3 3 7 8 2 2 6 5 6 3 8 1 4 5 10 10 8 9 5 8 6 8 9 2 8 10 8 8 9 5 1 10 1 2 4 7 3 7 2 1 7 7 8 7 3 7 3 10 4 10 2 5 8 9 7 2 4 3 10 10 2 2 5 9 6 3 6 9 5 2 4 10 10 3 5 8 1 3 5 10 9 4 7 8 8 1 7 10 1 9 1 6 8 6 7 2 1 1 6 1 5 3 5 4 4 6 3 10 8 5 9 6 4 2 6 5 5 9 1 4 5 7 5 2 9 6 9 10 2 9 9 6 6 10 1 10 5 9 6 6 9 6 2 5 8 5 3 5 4 9 1 6 7 10 1 8 3 4 9 5 10 3 7 5 1 8 2 8 10 5 4 7 6 6 3 3 9 3 10 1 8 6 6 6 10 3 1 2 2 9 4 2 1 3 7 8 1 2 9 7 4 10 3 4 7 4 3 1 4 8 3 2 3 9 10 5 5 10 5 9 9 5 7 8 1 10 3 9 6 9 10 7 7 1 5 8 4 7 4 2 2 6 7 9 9 10 6 2 6 1 9 5 9 6 10 2 5 10 7 1 6 2 2 2 7 2 10 1 1 7 5 8 10 8 8 3 4 8 9 6 8 2 3 10 8 8 1 7 10 7 4 2 9 6 2 1 3 3 4 8 6 4 5 4 9 6 5 8 7 6 10 4 9 2 9 5 5 1 6 8 6 5 4 5 9 1 10 3 3 9 7 1 9 4 8 3 7 2 3 10 1 1 3 2 6 5 7 2 8 5 4 10 1 2 9 7 7 5 8 6 1 4 4 6 8 9 9 9 8 6 3 1 5 3 3 5 7 2 3 10 8 10 3 3 9 5 7 1 3 8 2 3 8 8 10 4 4 2 3 7 2 9 3 4 2 4 2 9 6 8 4 8 5 5 3 4 5 8 5 10 10 4 8 1 9 10 6 2 6 7 3 3 9 2 2 10 9 4 4 8 7 2 2 1 7 2 5 2 9 10 4 9 10 1 9 2 8 3 1 5 8 8 5 6 6 2 9 2 6 8 5 1 5 10 10 10 9 2 2 2 9 6 10 8 9 1 4 8 6 10 1 8 10 9 4 10 2 10 8 5 5 6 3 8 4 3 3 7 7 6 10 10 2 2 4 4 9 3 4 1 10 8 7 9 1 4 6 2 3 8 9 9 2 9 6 4 2 10 3 9 9 9 8 8 4 8 4 3 6 2 9 1 10 4 9 1 1 9 5 1 4 10 5 5 8 9 1 5 3 7 2 3 10 4 4 9 4 10 1 3 8 2 10 6 5 7 6 7 3 4 6 8 8 6 6 1 1 4 1 4 7 9 8 7 10 5 9 5 5 7 2 1 5 6 3 1 10 6 1 1 10 9 7 10 3 8 1 5 10 1 5 2 3 6 5 2 6 10 4 5 4 1 6 5 1 2 5 7 1 1 9 8 10 2 1 10 6 2 3 9 2 6 5 8 6 7 4 10 6 7 3 7 8 7 10 4 6 8 10 3 2 3 6 2 2 8 8 9 1 2 1 8 9 5 3 3 8 6 4 2 9 9 7 9 2 2 4 6 5 3 9 10 4 10 9 2 8 1 4 6 7 8 7 10 8 10 6 3 6 3 5 7 2 1 1 9 9 6 1 4 5 8 6 4 2 4 10 5 5 6 4 2 1 2 8 6 3 2 7 9 6 6 5 5 1 8 7 8 2 3 3 1 2 1 3 5 5 1 5 1 5 4 10 8 6 10 1 7 1 8 7 4 7 10 2 1 4 2 5 5 8 3 8 10 9 3 9 8 7 9 3 7 5 2 6 10 4 7 4 4 5 3 2 7 1 6 1 1 1 1 9 2 3 1 8 1 3 3 4 6 3 1 6 2 5 4 1 5 5 6 8 7 8 10 10 3 7 9 2 5 6 3 2 4 1 9 3 8 7 5 7 5 10 1 4 1 5 10 5 10 8 7 3 3 7 5 5 7 10 7 9 8 5 3 4 1 8 10 8 7 10 5 2 5 4 10 6 8 8 1 6 4 10 7 7 2 10 9 6 4 8 1 5 9 1 9 6 1 4 2 5 1 9 3 5 7 8 3 2 1 1 9 3 9 1 8 3 7 9 9 6 2 8 1 9 5 5 5 7 2 5 7 9 9 8 8 3 6 6 7 6 5 5 6 4 1 1 6 6 4 2 2 4 7 3 3 2 9 2 8 4 1 9 3 2 5 4 5 10 5 9 10 3 2 8 7 10 10 6 1 6 3 10 2 6 5 10 9 6 10 10 3 10 7 8 2 10 5 5 3 4 1 6 8 4 8 1 4 3 2 7 3 3 2 5 2 6 2 7 4 3 6 5 4 2 5 2 9 2 2 8 4 10 3 5 5 3 7 3 7 1 2 4 1 10 6 10 6 3 1 2 4 5 8 6 9 5 6 1 8 2 4 8 8 6 6 9 9 6 1 3 3 5 7 7 6 4 1 2 8 2 9 2 1 1 10 6 3 5 10 1 6 2 6 5 10 8 2 1 7 4 1 8 7 4 1 3 6 2 2 10 6 6 6 4 2 1 8 6 1 7 9 10 1 4 4 1 3 3 3 8 9 8 8 6 9 5 7 3 2 5 4 5 6 5 9 4 9 10 5 6 7 6 3 9 7 9 4 6 10 10 2 7 6 9 7 4 3 2 9 3 5 4 6 8 8 5 9 6 4 9 10 3 10 4 3 5 10 10 1 10 5 9 8 9 10 2 7 8 5 5 4 10 7 9 4 5 10 6 3
